1203.08165
1085.8458150000001
1079.381339
1115.502914
1226.979186
1178.493984
1153.6140070000001
1224.16858
1149.9929809999999
1128.527523
1103.548195
1101.926943
1147.965287
1102.781704
1204.606421
1207.8858729999997
1130.346247
1090.841353
1140.791798
1128.053751
1094.866764
1194.5747
1045.546918
1052.0352070000001
1134.282983
1146.488961
1122.1656870000002
1102.264822
1112.309273
1115.728716
1089.729999
1212.819004
1076.63437
1205.106468
1042.0018460000001
1125.024736
1107.1421269999998
1149.357865
1084.708598
1103.316646
1111.8835330000002
1138.877828
1181.075505
1116.705821
1105.9429159999997
1174.042009
1153.2153640000001
1122.7297760000001
1117.4460370000002
1091.3611030000002
1102.9081520000002
1119.098486
1110.397352
1103.91235
1173.7936260000001
1138.684869
1173.9496379999998
1081.1150789999997
1083.976593
1148.772422
1048.4667299999999
1130.4956859999998
1117.492427
1165.675059
1065.306962
1109.2609590000002
1075.43516
1076.676653
1083.8973569999998
1093.843272
1087.55985
1161.9797259999998
1114.6346079999998
1163.013072
1121.3092849999998
1125.772754
1123.605061
1136.848495
1163.7770990000001
1094.221385
1095.80117
1104.646818
1105.4843340000002
1085.36219
1044.457327
1065.7745730000001
1096.5557560000002
1176.6103909999997
1104.719895
1102.948385
1083.960171
1114.026588
1125.7838370000002
1122.099585
1132.8050160000003
1099.1688879999997
1116.6861139999999
1160.434836
1098.436062
1130.798257
1172.03115
1076.246402
1093.5152439999997
1037.992029
1047.539302
1178.175397
1046.7440749999998
1042.4431809999999
1071.312857
1112.947672
1113.8188539999999
1089.374054
1147.499727
1076.808028
1127.068849
1085.573619
1058.026317
1102.755017
1104.622187
1184.141059
1067.340812
1054.7189520000002
1087.6345660000002
1095.843865
1074.3328399999998
1097.1461219999999
1090.90047
1175.3274290000002
1101.525427
1153.6911870000001
1173.326424
1055.1656280000002
1059.5913249999999
1131.9740649999999
1168.172415
1148.465745
1060.9391489999998
1034.8948630000002
1085.351926
1115.1822779999998
1184.0605879999998
1179.4209960000003
1080.9804179999996
1146.194187
1133.101428
1232.184923
1047.358661
1051.6887040000001
1105.420698
1132.837037
1112.943154
1100.0236449999998
1091.8816789999998
1130.216516
1150.9717249999999
1077.084329
1090.380716
1063.787523
1083.732317
1058.1712440000001
1105.9285479999999
1091.070024
1053.753344
1094.0620920000001
1200.68036
1164.332981
1101.0348239999998
1193.852138
1198.854244
1187.954222
1117.48011
1095.2625329999998
1176.492976
1076.8388220000002
1215.5027530000002
1191.924207
1045.060832
1074.513067
1092.2532219999998
1156.7017309999999
1143.7444529999998
1183.746112
1097.694611
1108.599979
1092.333275
1063.6623089999998
1117.2781209999998
1176.3533889999999
1102.4401279999997
1095.929672
1092.3258879999998
1198.272088
1040.1396020000002
1130.413575
1065.504434
1231.239842
1077.3749939999998
1209.9632390000002
1234.402698
1050.444336
1100.884564
1077.5589189999998
1178.795734
1052.8612239999998
1114.1230650000002
1096.7355740000003
1148.086809
1071.403996
1069.5750110000001
1089.095706
1046.0018020000002
1106.034057
1103.2099029999997
1090.2460569999998
1040.2927379999999
1081.062119
1114.858767
1229.5504440000002
1205.559713
1128.255329
1077.789238
1230.808359
1196.872943
1069.319239
1130.333932
1152.190229
1201.830302
1127.031078
1179.642281
1063.6758570000002
1213.101872
1114.510212
1091.382862
1057.1169579999998
1147.5026
1116.17416
1098.5070870000002
1213.001699
1088.6079759999998
1094.535042
1091.1837460000002
1234.101357
1093.793185
1105.308619
1162.447749
1081.958341
1165.596232
1124.182704
1104.761771
1175.4140579999998
1087.255633
1100.759757
1078.285999
1242.797975
1185.836207
1059.3449990000001
1041.059227
1177.745144
1194.7881869999997
1117.3269769999997
1087.351292
1052.2683970000003
1103.0140719999997
1177.399877
1071.781288
1216.000334
1093.250442
1176.1472959999999
1060.2034520000002
1103.750183
1183.25633
1109.268759
1107.482876
1229.9540100000002
1059.784282
1092.352162
1084.627309
1065.4424430000004
1095.889848
1076.709909
1182.391306
1076.9903129999998
1129.826904
1085.266944
1093.629375
1104.069179
1091.5097189999997
1103.2168829999998
1135.9498019999999
1071.243883
1051.9518659999999
1104.2255959999998
1147.731686
1134.861033
1079.2401109999998
1047.2400149999999
1106.610465
1170.3786960000002
1184.6776419999999
1133.025479
