1198.5660410000003
1104.161142
1093.7726590000002
1103.7514170000002
1073.510514
1200.011575
1116.971443
1154.9158499999999
1076.697592
1107.330154
1228.985122
1071.714372
1122.441985
1082.183322
1093.203227
1178.683246
1048.929827
1143.4500899999998
1170.850824
1106.9536830000002
1093.5025170000001
1193.885393
1057.0676930000002
1105.087747
1164.511567
1169.6627009999997
1049.872855
1072.246851
1103.3384059999998
1159.9425880000001
1114.6818210000001
1189.6415670000001
1198.8838039999998
1100.777002
1115.658511
1137.3863079999999
1092.472866
1121.457903
1157.563468
1107.0530359999998
1089.906537
1122.284744
1103.812179
1096.219108
1067.310021
1089.731641
1051.265431
1133.3428310000002
1099.0814420000002
1089.9135140000003
1130.7576139999999
1164.434796
1175.4001
1060.6476639999998
1149.809054
1075.061972
1053.0948280000002
1108.547016
1212.300485
1077.80032
1117.8138869999998
1129.8338820000001
1079.172369
1046.677975
1122.682976
1061.107476
1199.345667
1048.353008
1134.301457
1141.69418
1053.415877
1105.796758
1104.645589
1089.293997
1075.283257
1167.275372
1078.5364329999998
1102.244708
1132.7656010000003
1101.6637830000002
1089.9455400000002
1050.605679
1114.8530209999997
1143.668503
1073.679659
1064.89806
1116.3227780000002
1055.939098
1147.982122
1111.748051
1078.858302
1049.286184
1076.755479
1060.8114680000003
1089.369948
1075.5936299999998
1109.327879
1085.0756269999997
1193.945743
1064.5256909999998
1229.086115
1118.994209
1057.300059
1148.5441589999998
1113.68214
1087.3114679999999
1040.4856929999999
1028.128637
1098.8310079999999
1085.6664019999998
1194.499161
1076.204116
1115.7209149999999
1108.5388040000003
1152.471043
1099.5297589999998
1122.965841
1122.728955
1166.476446
1090.099904
1143.5703790000002
1201.057242
1091.08029
1136.220766
1085.268995
1196.2017
1038.549144
1100.357422
1060.522853
1077.457103
1057.5061569999998
1078.4391329999999
1083.95278
1088.472494
1043.861211
1077.1204550000002
1089.908589
1120.4668420000003
1147.524362
1062.591605
1082.552403
1136.4042820000002
1117.976051
1143.751843
1175.581971
1159.447879
1145.5648230000002
1202.8743219999997
1199.082507
1091.809421
1133.7665149999998
1116.436911
1148.5893170000002
1113.6944559999997
1186.4606469999999
1100.032267
1174.721874
1195.577669
1048.7779249999999
1097.6285160000002
1076.0546749999999
1158.8731119999998
1066.8021729999998
1146.286561
1161.8967930000001
1162.836124
1089.251714
1082.729761
1272.0749099999998
1098.272665
1115.972583
1143.8951229999998
1089.5694769999998
1162.4157240000002
1092.2392650000002
1077.0650329999999
1189.724089
1115.094423
1114.640766
1228.838965
1103.6898350000001
1085.1133990000003
1110.6490159999998
1145.815251
1120.284972
1065.9297609999999
1105.1197670000001
1073.8931449999998
1071.948792
1088.1366679999999
1193.25233
1058.7373890000001
1106.300093
1169.0448279999998
1088.723339
1102.396609
1119.618241
1116.705409
1099.983412
1103.497283
1118.247016
1131.7720780000002
1098.470137
1133.559599
1083.771319
1061.9688039999999
1145.713845
1072.9648980000002
1055.3023399999997
1095.318777
1090.115093
1090.3326820000002
1119.71513
1071.826452
1148.282639
1128.132987
1139.610653
1087.869812
1144.885772
1090.3256999999999
1102.530859
1104.165248
1093.93195
1040.0340919999999
1182.1433359999999
1196.529728
1066.5907419999999
1160.2422890000003
1110.708958
1109.7934380000002
1159.1847180000002
1062.59653
1127.510186
1157.029344
1103.385619
1087.371818
1199.1453219999999
1041.2181100000003
1095.2547319999999
1192.230477
1035.015565
1104.359434
1071.529626
1109.6940849999999
1152.9481
1064.8508430000002
1095.3844629999999
1097.7717979999998
1095.910785
1043.1760100000001
1054.43978
1089.533757
1162.469096
1067.394185
1193.3787780000002
1046.467776
1066.609218
1116.133106
1205.0440650000003
1068.039565
1211.268371
1174.264115
1068.2021389999998
1094.080567
1198.5927299999998
1069.1037039999999
1130.9518059999998
1168.254938
1088.018018
1115.710652
1116.8622389999998
1188.169347
1054.4919219999997
1091.305269
1150.1736219999998
1155.2139069999998
1105.056134
1105.3053370000002
1058.906123
1132.9117550000003
1062.469262
1082.9810169999998
1124.9381079999998
1088.963096
1080.1309990000002
1109.034744
1090.5322099999998
1071.486927
1086.175075
1160.7497239999998
1054.457022
1095.7802330000002
1160.2455720000003
1067.87822
1176.8961330000002
1046.7777409999999
1088.5845709999999
1152.4439450000002
1172.548028
1072.106853
