1202.2030790000001
1140.460485
1174.901691
1115.439282
1172.569788
1197.4973839999998
1139.48051
1114.385405
1139.9924609999998
1160.349849
1136.079536
1227.33513
1196.6795779999998
1101.72208
1156.995682
1147.9102740000003
1104.730571
1095.712489
1160.6844500000002
1093.524686
1111.21434
1050.746499
1082.52531
1082.797499
1037.2505820000001
1146.5796910000004
1164.1067710000002
1161.784305
1216.1349939999998
1096.944132
1087.890337
1118.997495
1093.881451
1189.1809349999999
1088.62029
1186.759938
1122.4863229999996
1111.8732679999998
1225.291427
1053.851467
1093.854356
1130.705475
1080.918016
1090.5584829999998
1063.700899
1100.444457
1089.9176190000003
1129.6056210000002
1095.266226
1086.7871989999999
1178.53709
1099.407416
1160.544039
1200.3543840000002
1209.840074
1053.1859690000001
1176.779537
1141.988543
1201.864787
1170.899681
1205.557661
1180.970814
1190.311993
1201.612301
1196.8528259999998
1103.8417379999999
1191.4208780000001
1124.8765250000001
1172.9327119999998
1155.0016529999998
1181.687219
1087.2897079999998
1155.916763
1112.9591670000002
1173.4754560000001
1153.23343
1083.9084429999998
1129.272668
1084.737336
1193.976124
1071.725457
1177.191318
1182.5555239999999
1136.731896
1147.8105099999998
1194.245853
1150.9109619999997
1158.94414
1073.0047200000001
1144.506839
1133.620362
1106.0681310000002
1114.3279309999998
1117.079827
1093.1079809999999
1090.036268
1077.339278
1038.668612
1172.029507
1146.835873
1152.19885
1181.774663
1080.5333329999999
1044.568995
1194.925311
1159.79356
1127.3270840000002
1222.6171239999999
1100.0220050000003
1118.4313499999998
1228.068367
1058.352292
1092.182607
1081.366335
1084.154773
1042.0597320000002
1132.0668520000002
1082.097518
1147.958309
1077.948938
1160.761629
1091.694055
1083.3049379999998
1097.5669350000003
1093.1987110000002
1091.36562
1199.5123500000002
1097.727459
1132.5315919999998
1134.052666
1134.780978
1145.823053
1193.3812400000002
1139.74449
1072.0259760000001
1074.246214
1056.4202579999996
1092.436739
1041.2123609999999
1071.415902
1087.2839610000003
1197.9920960000002
1058.5555140000001
1224.487577
1154.111179
1118.0598029999999
1131.82627
1082.53434
1127.7659580000002
1063.538736
1072.8569240000002
1092.589051
1193.247815
1160.027163
1163.4129429999998
1114.041368
1189.0553100000002
1210.439064
1152.121257
1173.8318100000001
1152.549047
1197.9666410000002
1187.8860659999998
1180.876388
1109.4034179999999
1172.095196
1130.7703420000003
1138.537074
1120.5571610000002
1081.530964
1129.5579960000002
1108.450128
1084.2409830000001
1192.157813
1092.196976
1184.5819860000004
1095.317546
1077.337634
1176.096796
1077.978501
1160.613834
1139.377464
1092.13991
1129.61219
1168.7853630000002
1138.2016550000003
1101.2183400000001
1115.016006
1171.807402
1203.275015
1201.05601
1098.588375
1075.715564
1119.1227089999998
1069.9765250000003
1129.683626
1062.936052
1039.283202
1125.933277
1171.167357
1158.9580959999998
1214.1972140000003
1078.8110880000002
1078.5072830000001
1148.5889080000002
1065.9876490000001
1094.671345
1203.0459320000002
1115.427373
1065.990931
1142.023029
1081.03461
1087.5664160000001
1146.7266639999998
1103.020641
1084.093187
1135.809396
1077.0055020000002
1147.7883420000003
1105.3279189999998
1090.0448890000002
1201.593005
1096.864899
1153.777404
1203.3378280000002
1113.6131659999999
1139.154947
1129.6889600000002
1237.565556
1197.0962830000003
1144.296229
1144.912049
1139.886952
1140.128764
1099.9842370000001
1110.3509569999999
1083.83988
1151.860968
1072.349899
1105.855881
1119.439241
1092.011411
1190.4589669999998
1041.97639
1053.200338
1103.1343659999998
1133.8437
1085.2739210000002
1112.9932399999998
1093.476654
1068.606937
1135.6685810000001
1123.801716
1096.614875
1146.186387
1075.8296959999998
1185.243375
1068.4813139999999
1115.22046
1130.158217
1084.4893659999998
1200.5551420000002
1043.773765
1068.881596
1085.3831260000002
1042.107765
1071.863809
1082.87304
1114.4654629999998
1094.369182
1092.2117569999998
1099.572868
1079.2429830000003
1110.331666
1067.24146
1159.458144
1071.4852859999999
1126.105296
1077.000986
1058.410181
1170.9748099999997
1142.094052
1061.7122100000001
1175.753989
1063.064555
1133.4770800000001
1112.535891
1144.65258
1131.214142
1078.6756099999998
1173.2898870000001
1134.0095580000002
1096.6702989999999
1094.9796659999997
1195.5739709999998
1098.3625729999999
1125.046495
1228.117225
1101.332473
1235.9833059999999
