1240.574043
1160.633129
1159.97215
1179.4895579999998
1078.963402
1081.2214090000002
1162.484287
1073.6685750000001
1100.0950829999997
1182.116239
1086.931299
1206.1706060000001
1054.3371419999999
1273.034774
1063.6311090000002
1157.813084
1153.66204
1162.164882
1096.7515859999999
1202.8500990000002
1080.7455870000001
1161.705478
1072.2333039999999
1180.8115199999997
1050.8729449999998
1073.480546
1085.089174
1178.9422979999997
1045.8811030000002
1040.306283
1142.3674780000001
1054.24518
1213.321515
1212.112866
1177.4491379999997
1200.8121449999999
1168.785773
1201.749424
1137.777562
1075.667531
1080.531279
1115.036125
1069.5844519999996
1149.084028
1070.320152
1093.357183
1179.1020030000002
1101.8530469999998
1146.142867
1227.2788850000002
1203.162938
1156.113825
1065.400157
1174.8507869999999
1078.148465
1093.8728320000002
1081.8856739999999
1078.2921569999999
1046.05846
1108.328194
1068.2382700000003
1137.305844
1079.7758749999998
1127.896103
1067.1047469999999
1042.4222450000002
1175.144739
1204.8814889999999
1179.002651
1191.2771849999997
1160.8277269999999
1057.0258159999998
1181.879765
1069.831189
1086.0884469999999
1112.7584100000001
1139.865194
1072.831469
1136.8037430000002
1085.516141
1143.461996
1072.903727
1181.6625840000002
1072.522326
1082.015407
1164.806752
1064.015379
1091.9063110000002
1127.316822
1065.841083
1037.6956149999999
1192.4172780000001
1207.5245899999998
1133.093218
1084.016007
1051.0851989999999
1091.810242
1147.63726
1069.902625
1091.632475
1149.5393259999996
1146.624033
1065.182567
1159.1576229999998
1087.935088
1138.141306
1117.068331
1170.6529409999998
1220.591893
1147.723064
1069.5626930000003
1158.109494
1113.354933
1082.978142
1045.2234059999998
1112.917699
1084.7262509999998
1162.205525
1085.0267720000002
1062.8884279999997
1045.1581290000001
1065.606662
1098.849894
1120.486547
1088.406809
1127.3956440000002
1121.9099139999998
1077.4809149999996
1123.316448
1102.124416
1087.0938769999998
1194.273771
1056.7211900000002
1088.686388
1026.222873
1024.049442
1052.405519
1089.543199
1157.200954
1066.227
1092.011
1135.61398
1074.2068029999998
1092.011825
1227.757172
1117.262933
1098.08874
1084.024627
1157.0909299999998
1042.8869829999999
1115.468428
1108.823312
1225.499985
1033.124994
1130.133172
1058.3687179999997
1116.637668
1062.7812769999998
1149.6046019999999
1067.925021
1044.380555
1043.475709
1089.550591
1127.967948
1080.1568619999998
1086.8775170000001
1140.924814
1076.6922540000003
1094.8064129999998
1196.3178830000002
1068.586003
1186.737356
1045.913947
1053.4035560000002
1092.938835
1196.20129
1058.5871240000001
1131.4830510000002
1108.464497
1086.941976
1159.9015350000002
1070.32631
1088.7828689999997
1041.454995
1046.014122
1069.3036370000002
1184.939982
1058.73985
1072.966129
1213.1552450000001
1081.399999
1149.15259
1073.7646439999999
1230.061164
1127.930177
1068.056806
1163.7627310000003
1048.9474800000003
1041.0481439999999
1177.7279
1134.3700199999998
1170.119232
1062.214311
1096.4132949999998
1134.572419
1086.128269
1073.278556
1132.458103
1116.975138
1127.910059
1075.536973
1042.7157849999999
1095.0773749999998
1063.8060010000002
1142.4224909999998
1022.159692
1179.6648630000002
1078.4498079999998
1102.4914439999998
1163.146089
1072.887715
1161.207896
1061.980297
1097.070993
1146.470896
1059.3757870000002
1111.716439
1067.717283
1183.501426
1078.538077
1091.849655
1221.578852
1088.0915049999999
1188.6776020000002
1084.1379359999999
1084.302566
1069.545039
1046.270301
1133.4056420000002
1203.50821
1075.7911020000001
1023.6992439999998
1216.417862
1041.525607
1056.8726809999998
1073.241606
1174.911548
1066.6350800000002
1089.679911
1163.5939949999997
1051.153352
1127.599279
1090.055564
1154.821424
1127.290133
1104.5569110000001
1104.496148
1192.953863
1071.422061
1119.7545400000001
1089.758327
1179.967848
1148.9444420000002
1062.2344229999999
1200.5276319999998
1099.774445
1078.7039360000003
1162.235905
1126.142655
1073.757664
1072.535054
1093.743098
1197.346306
1163.2680209999999
1142.673335
1091.995809
1237.866896
1069.2658689999998
1101.710584
1077.6336379999998
1045.4147209999999
1173.494339
1205.914424
1115.27342
1128.143664
1158.2708420000004
1187.6635529999999
1171.387823
1151.8741079999998
1196.7813919999996
1132.9294100000002
1130.28754
1153.8081960000002
1149.9030689999997
1180.976971
1142.299737
1170.5523600000001
1099.442313
1089.689356
1164.22583
