1256.353423
1183.1048349999999
1152.275622
1133.402768
1186.864625
1185.403899
1145.8858670000002
1147.342077
1187.3654970000002
1200.948034
1166.540492
1092.0972149999998
1118.680961
1182.473417
1214.1003219999998
1174.204175
1139.441918
1186.563695
1121.8848709999997
1188.320838
1092.4116900000001
1126.173447
1125.0748209999997
1219.457962
1074.0873330000002
1073.921472
1179.095022
1044.615797
1076.7415210000001
1159.393691
1078.0700489999997
1104.848401
1083.632962
1065.1415140000001
1066.2573790000001
1145.809504
1143.728442
1125.7210220000002
1171.5508059999997
1151.427021
1216.4231980000002
1169.761645
1093.72216
1209.114636
1103.176649
1113.613578
1082.853748
1074.107861
1072.3063820000002
1182.0641010000002
1105.499937
1105.8439749999998
1026.4556550000002
1078.575023
962.8824330000001
1063.8384360000002
1057.6757129999999
1072.700917
1075.197452
1074.9622089999998
1104.794207
1024.21448
1074.2679749999998
1074.1345450000001
1041.3987510000002
1059.63279
1122.04909
1123.994261
1097.1892320000002
1093.245105
1111.668407
1213.4430390000002
1073.973199
1115.3986360000001
1204.668826
1152.668926
1138.832256
1094.446367
1137.852691
1092.8103350000001
1207.250344
1105.964674
1080.7673459999999
1196.340466
1076.108455
1075.078394
1165.8889530000001
1028.934952
1078.2038900000002
1025.170232
1076.970195
1073.363946
1072.8216160000002
1075.4696450000001
1075.906877
1067.31536
1080.1104699999999
1039.838261
1060.341805
1056.678082
1042.518723
1104.65585
1109.244537
1097.269698
1097.763994
1082.228895
1087.722423
1122.716227
1086.368439
1112.9057959999998
1096.621445
1144.5561050000001
1083.056555
1071.6700329999999
1149.903894
1033.664043
1077.0120689999999
1027.667181
1043.750771
1027.359681
1106.562841
1126.3331489999998
1176.936778
1089.92624
1128.783294
1081.862275
1117.475594
1077.970288
1077.0925379999999
1072.1889640000002
1199.257812
1074.33079
1074.630487
1025.965055
1077.341332
1042.5105120000003
1075.505366
1075.7599020000002
1074.9026799999997
1181.3103359999998
1078.04008
1073.596319
1041.6434359999998
1058.951691
1060.1127179999999
1065.2371679999999
1075.6470020000002
1074.9215639999998
1166.896435
1078.1874650000002
1059.059255
1076.5153070000001
1057.6880299999998
1058.2586900000001
1105.380466
1110.0385330000001
1094.9012500000001
1143.2616480000002
1097.4150319999999
1110.601802
1106.545597
1078.4789560000002
1166.9998949999997
1091.0392339999999
1159.7135
1110.57512
1095.192327
1099.3109370000002
1159.062376
1079.395708
1072.6931160000001
1102.699183
1080.463541
1040.7874450000002
995.6781679999998
1023.8330819999999
1059.2095160000001
1073.253923
1072.288314
1069.028983
1182.0879129999998
1107.1261129999998
1149.2129419999999
1081.8162920000002
1119.5262770000002
1119.750025
1084.686427
1141.278706
1084.731178
1074.53565
1072.7978040000003
1073.5844110000003
1074.0171300000002
1135.7888719999999
1156.293647
1096.777452
1141.1933139999999
1109.239609
1140.4904549999999
1081.528909
1074.185866
1074.4527190000001
1196.078947
1059.413559
1054.4442970000002
1042.0917510000002
1076.392145
1072.8450200000002
1132.2121819999998
1088.5160119999998
1108.7978609999998
1155.545218
1236.9156589999998
1073.821297
1075.0960449999998
1073.1660659999998
1072.5174009999998
1196.3889100000001
1075.279152
994.4547380000001
1008.8977869999999
1079.0397619999999
1075.363723
1076.4208840000001
1074.0688579999999
1075.04637
1148.547034
1044.8834760000002
1041.581443
1104.1073569999999
1081.655358
1073.005131
1147.828576
1079.200284
1073.4181409999999
1076.4754830000002
1075.3616739999998
1181.877712
1061.516793
1010.8322850000001
1063.069892
1073.736315
1024.7231470000002
1076.660641
1072.192247
1072.610594
1074.582455
1166.2917
1079.2573519999999
1084.690124
1173.0517670000002
1079.4330679999998
1073.7219499999999
1024.990001
1061.911736
1073.572098
1074.3410509999999
1076.3088030000001
1182.516935
1077.120867
1073.6082270000002
1042.523651
1058.8322239999998
980.1176139999998
1096.2100750000002
1171.8082220000001
1092.9881030000001
1195.47298
1092.111585
1144.806538
1094.585952
1075.506595
1095.790905
1096.9424910000002
1098.206156
1100.05731
1098.387619
1079.745494
1118.999957
1078.747452
1071.940994
1150.934366
1080.345713
1057.3370090000003
962.109786
1044.362079
1059.3876939999998
1073.3265900000001
1074.5323670000002
1075.0722380000002
1135.0314089999997
1129.875348
1158.734347
1101.993043
1156.037876
1081.2825830000002
1075.8752679999998
1054.5329729999999
1059.158198
1025.6559119999997
