1842.08697
987.676065
873.3249366666668
2501.3436125000003
1174.0742
1818.2626816666668
2003.9612657142857
2593.59527
2564.6248033333336
2265.6844900000006
1905.7241963636368
1939.4088691666666
3115.999524615385
3674.5027099999998
2504.373201333334
2121.19443125
2985.170808235294
3212.9976199999996
2861.7155131578947
5796.821837
4033.684484285715
2605.0974836363634
5767.421971304348
5538.133786666666
4647.926283199999
4140.9540865384615
5337.848958888888
9289.488038214287
6556.516719310344
6751.543796666667
8735.836979677419
6034.5576753125
6341.051641212121
10369.219445882352
8450.557331714284
7017.711641944443
6762.824081621621
5749.571483157896
8079.134024615383
5699.749379250001
7270.759413414633
9150.463696428571
8380.149398139536
7930.140476136361
8261.666344888888
12299.722192608699
12069.767193404254
10803.867205833334
9669.084890408161
11570.9275288
7631.024358235295
11725.349463653845
11027.836415094338
10898.441601666666
10822.154007636365
11589.594467499997
8544.099815789472
9803.763261379308
10126.646002881353
12903.174415666672
11960.642265573773
10294.74713467742
11802.568513650791
10938.931308124995
11194.55945
9036.532829848487
12163.705156119402
14892.519643235293
9374.474284057971
12069.249495571432
11440.155236338029
12663.523452777781
11670.435731780819
12170.794157432432
20815.300044133328
12152.583295263157
9507.431529350648
11341.16753564102
58673.12180265822
23848.882081875003
17278.796060493827
15742.058319390244
17119.060963614458
18069.967555952382
16117.863584117646
18008.297680465123
13237.58091655173
21949.21843193182
15441.909380786514
13832.770564888893
15654.40384307693
14710.981627934781
15562.753625591398
13149.864343085106
15585.323155894732
15847.881582395838
27402.505745979382
17025.79396265306
17422.712831919198
14550.667164899998
