1362.56567
457.24667999999997
820.3236666666667
1237.3925249999998
1120.9444859999999
1565.3683533333333
1729.35593
1734.5837649999999
2884.0900244444447
2662.932225
2613.4484236363637
2261.0662799999996
3283.7687469230764
1963.4358735714286
1702.5584513333333
2695.8508524999997
3329.4129
4136.8579266666675
4874.129758947368
3671.0216735000004
4534.184885714285
2843.688831818182
5038.944653913043
5077.191388333332
3927.6629352000004
5380.710503461538
4560.476390740741
4595.08816
5416.662007586206
7811.640247666666
5820.181228064516
6913.130909375001
5717.223620606061
6570.570516470587
7458.640281428572
6361.4196833333335
6646.232814864864
6984.858228684211
6460.871296153847
7600.825833750001
6565.088962195122
8457.607177380953
7533.0562795348815
11405.59114727273
8523.908496
7668.595651521741
7378.599497872342
8357.492551666664
11052.042911836732
13478.960806199997
6964.108635882355
10821.517906538462
7487.688523396222
10079.095316851852
10875.608174181816
9486.444033571428
7841.774703333331
12138.889084827582
9154.070860847456
7775.3455338333315
10683.397224590164
12564.146447096775
10530.152943809524
11249.62378390625
12507.115578923074
9091.659502272729
8003.524301641789
11510.532449705885
7905.609065217388
12823.470103857142
10553.496022816902
10011.506648611108
8857.682331917806
10613.488904324326
10265.767876
10635.529942763156
15613.397707272727
13895.377207051282
10338.062345569619
13337.457505374998
12629.56447123457
11356.643944634148
12623.036659518077
12318.48821988095
13595.013443529415
10184.012774883724
10850.079683333333
14997.892330795452
12999.27977269663
13547.414917555554
16244.988455054947
18015.883796195656
12510.71878505376
14805.449575531906
13003.00361326316
13444.68596874999
17429.286568144333
14727.58894244898
20325.411588686868
13817.351156000004
