1110.66635
1138.94486
1205.3687066666666
1535.804665
1173.1229339999998
1256.1048383333334
1190.4773657142855
1185.17969
1179.4772988888888
1278.3618490000001
1272.6079154545455
1185.1598441666667
1276.2069823076922
1319.1998257142857
1201.08587
1245.0908799999997
1305.9666741176468
1320.8577538888887
1294.960457368421
1349.6636799999997
1365.0005000000003
1380.2971263636364
1318.6768239130436
1329.07999375
1264.4487256
1447.1954180769233
1410.490071111111
1498.6527592857144
1356.074916551724
1448.358194
1404.9021380645158
1532.2642050000004
1527.5451969696971
1648.558746764706
1584.9741742857143
1697.4067502777782
1551.8435337837839
1447.747529210526
1391.9511512820511
1745.8230897500002
1525.7731878048785
1678.3458633333332
1619.78644372093
1746.091458409091
1771.8973695555555
1776.2712347826089
1669.9515710638302
1688.163444791667
1930.5038173469386
1640.2106608000001
1674.9289735294115
1844.1987559615384
1697.1540758490564
1667.6148025925927
1812.090787454546
1814.5733544642856
1976.9754319298245
2091.2303556896545
2068.2497854237295
1865.7537871666666
1833.461397868853
2220.3116320967733
1986.4979934920643
2072.9194120312495
1762.9971420000006
2274.5777840909086
1900.9980249253736
2152.414463088235
1888.0183265217395
1907.753505714286
2120.1968819718313
2015.4334029166664
2011.9675595890408
2280.939754864866
2152.7463703999993
2223.0695888157898
2460.770963376624
2145.2441530769224
2191.7531212658237
2123.56380225
2208.0225513580244
2058.1614176829266
2241.938425662651
2468.6250835714295
2090.4886191764704
2478.1341473255816
2353.5655088505764
2442.808965681819
2684.072826629213
2860.9963862222226
2761.5892446153844
2905.4612203260867
2767.0178145161294
2671.2836310638295
2401.7326998947374
2674.581456979167
2591.5756153608245
2617.1654679591834
2411.2904810101013
2449.0727786
