3000.2481213333317
2199.3796908333334
2082.3278625333332
2340.9778714333356
2603.083249766666
2174.826482400001
2195.7363864999998
2142.917350766668
2705.1126527333345
2186.471637499999
2085.7323790000005
1858.2544330666676
2247.5778268
2733.7580714333344
2552.528833766664
1637.044747266666
2342.283356333333
1951.4586057333345
2359.075362966667
2133.982326133334
2010.319827099999
2260.66597253333
2199.210244
2073.9640190000005
2611.019563433334
2020.5333500666673
1731.0450666333334
2127.639017833332
1871.184067033333
2815.509019933333
1967.3639674000012
2331.7648516333343
2130.808427333334
2396.6923039
2809.041889600001
2058.0692760666675
2311.372360433334
2436.804481666667
2134.7877920333317
1926.6391162000002
1920.0067687999992
2622.980429999999
2430.3278275000002
2931.6856847666686
1977.9265100333328
2647.3280908666666
1871.385961166667
2927.3377029000003
2686.389952333332
1626.6332318000002
2565.824347366665
2519.4769707333344
2924.2003840666657
2091.7771521666677
2832.5024817000017
1855.6552455333322
1879.4833182
2281.0642259666656
2415.7302225
1988.485562699999
2086.716926333333
2203.700082633336
2464.633350033333
2013.9856845999998
2256.175463333334
2211.657047533332
2882.2103914
2299.727205000001
2255.0314054666683
1925.0013477666669
2440.591341466665
2319.2105672666657
2316.263290266665
3942.830396533332
2031.4622648999996
1853.0744369000001
2567.2920125333326
2425.9480969666643
3062.5782331666655
1768.1387929000002
3280.180865533334
2129.786807999999
2064.4999083000016
2144.8941075000007
1894.9773529999993
2705.416005933333
2012.4267276666667
2254.3914579666653
1681.2619043000009
2370.389275266667
2490.8447719333353
2241.365263466669
2517.8019393
2245.9610921333333
2517.1092364333354
2654.1752089
2066.4807299999998
2102.8872959666674
1872.0968370333337
2074.769183500001
