4840.017519533332
3721.270925433334
3862.7052428333354
4692.516163933334
4009.918462766668
4084.967243166666
3708.7664671333328
4407.2267378
4255.814414433333
4255.101690966667
4270.692601499998
4040.5128857666687
4336.459129733335
4455.131866700002
4551.072280900003
4332.153092200003
4056.786124466668
4714.572698499999
2960.6391921333347
3943.7263475000013
4340.827570266666
4414.767667466663
4206.935071500001
4136.017106933331
4208.182163466665
4408.81613023333
4515.450174200001
4321.5255051
4477.715556766667
4488.02271203333
4446.844014599996
3977.2891896999977
4502.420859466668
4437.497430933332
4512.597898566667
4384.502311200002
4241.2542244000015
4311.649862866666
4183.272846300002
4260.546093233333
4179.861664533336
4093.595957199998
4491.092126566667
4504.514212200002
4301.5061058
4403.413302633335
4410.55249793333
4344.401861433333
4590.771147199997
4476.960300999998
4721.588196399997
4489.536289666667
4020.449051133335
4501.085459133333
4284.889758833337
4402.833568766664
4029.121283866666
4305.073938099996
4258.574974300002
4367.029002133336
4067.5066457666667
4307.294601333331
4274.140608933338
3977.297237299999
4566.937900966665
4804.088365466667
4785.582967100001
4541.6541935
4162.857870466667
4160.530478799999
4902.309860799999
4520.642788300002
4507.3066714000015
4401.919732266666
4371.5321019333305
4331.266611666669
4419.888339666667
4632.344488933333
4419.815138933333
4388.484659433331
4652.648973266666
4177.088624433328
4335.486146966665
4729.7323695999985
4431.505783033331
4081.165261433331
4196.748398033335
4203.767755066661
4838.624943233331
4474.790463633332
4275.913583799998
4630.666857266664
4365.515793233334
4267.793481133334
4081.9387051666668
4441.673652566668
4017.1919887666654
4600.636279599998
4146.441692200003
4524.646676366665
