3513.905382033335
4547.938177733333
3329.6223434999997
4976.707485866665
4624.034427333333
4424.282151333333
4740.4847764666665
4273.134193500003
4129.062357366671
4324.920826133332
2609.991567666665
4381.313823799997
4321.472093200005
4997.777119799997
4550.104881233329
3834.286842866669
4233.698241100002
4384.733134733336
4382.5002103666675
4094.8376029666674
4210.832148666666
5012.881517933335
4017.9087634
4085.111932833331
4269.228658466666
3971.4960422333347
4542.116907066666
4135.084713566665
4019.5805523999998
4206.468292999997
3938.787752666669
4233.5407005000025
4714.992591766668
4750.087665333333
4562.338514966666
4320.5673568
4470.568862066667
4100.444348999999
4180.781974366668
4354.5080406666675
3790.378157766671
4481.448565933335
4220.3288158000005
4303.384194266668
4489.769083900002
4277.239691800001
4262.364940233336
4267.224833166666
4204.089624100003
4379.201382033332
4209.93144936667
4350.546903333328
4719.824102733333
4073.02740976667
4376.4000958
4360.989087033332
4336.221601099999
4586.068001500002
4021.3926256333298
4968.161016933332
4588.7896825
4173.039343099998
4370.4183418999955
3758.5631508000024
4425.721871833334
4283.825688500002
3998.9841150666643
4302.682063300002
4548.3552659666675
4391.732360899999
4388.673100966666
4515.111445799997
3954.7373578000015
4263.618039466666
4508.590041300004
4159.998765600001
4738.739527499999
4707.745271933331
4249.307311266663
4384.962137900001
4136.7962159
4200.939577533331
5014.669177066667
4203.7004660666635
4106.528684233335
4032.019910899999
4653.832566400002
4539.378365866667
4584.993353433333
4439.472531699998
4177.960804333332
4433.291608066669
4194.238601033334
4144.047463499998
4596.83197226667
4089.5043901999984
4545.124369600002
4496.240962033334
4362.783219233332
4256.4062183000015
