5311.177104366668
2682.8417713333333
4835.4033797
4330.847716500001
4316.996459233335
4216.693844666669
4487.810924433333
4399.903097333334
3563.613126900001
4098.857351566668
4442.316090533335
3908.791661266666
4618.4638365
4391.287368800002
4327.386749566667
4235.661847033334
3831.334557666667
4355.062758000002
4088.400757599999
4189.124209899997
4142.988389466668
4131.632724300002
4349.364828500002
3968.618736366666
4720.915254733332
4492.2597499333315
4141.602778833336
4307.451019533337
4108.60634
4170.306372733335
4057.003673733337
4443.990534200001
4309.956260033335
4374.482252533334
4281.715914466669
4087.100609299997
4564.519286100003
4053.4969993666646
4624.988087266664
4217.450401100002
4512.757067366666
4145.936445400001
4531.627359733328
4229.805460733338
4350.540539833337
4200.592651933334
4174.099895899998
4356.443126933331
4034.4094596333352
4243.319111899996
3408.331876133334
4356.996571266666
4093.3948577333326
3659.3899656333333
4515.343172233333
4300.622444033329
4331.122249666668
4441.966030766666
4600.621116399999
4509.5743692666665
4188.750817266667
4472.8235463
4438.719328400002
4431.400915500002
4101.050357500001
4195.4722124
4367.615824466664
4326.6348192000005
4291.201906933331
4045.1488794999973
4479.472534566664
4593.003825633333
4104.359271600004
4036.5785575999985
4035.307846399999
4116.125072799996
4189.5407368666665
5025.51002953333
4679.958745733331
4324.798551566666
4404.053660166671
4262.41122263333
4205.792217433334
4492.799770233334
4305.153310366668
5064.958667733332
4195.520807366667
4653.910954100002
2588.252891900002
3982.730718733332
4791.345379099999
3282.528537966668
3992.393478699997
4090.461457900002
4130.918672899999
4822.060996266671
4639.929238066667
4013.6728064999984
4199.062679933331
3506.1488598666683
