4384.276209166667
2515.2083618333336
2178.060471300001
2808.830143566666
2159.921090300001
1856.5385926333333
1835.225093100002
1716.7801140333345
2791.978839933333
1773.095519966667
2559.984601433333
1948.9535838666675
1883.5789639333345
1947.531530666667
2132.315929733333
1891.3448866333342
1711.392545600002
2141.831795166667
1884.981461333335
2152.7486268666657
2166.4192575333323
1871.324214366666
1753.7044491000008
1973.0755260666665
1885.2826248000008
1820.6256131999987
2035.1348959999993
2325.710376966665
1798.525164166667
2053.7393593666684
1863.5657497333339
2097.9883876666663
2156.3816127000005
1853.7622537666664
1960.000202299999
1778.763246033333
1753.8907826666673
2031.0651564333348
2601.739597866667
2669.2438894000006
2104.7282711666644
1967.2011169666669
2034.8433669666658
1959.7543668333324
2697.4196291
1828.1420062333334
2079.4720831666664
2321.641923233334
1854.2577568000004
2145.3568626666665
2402.7459993333337
2477.8039753000003
2240.9435494333356
2190.7114945333333
2296.5411407999995
2253.1040648666653
1901.5267697333322
1809.7056211666675
1869.1258165000015
1790.388544533333
2227.6961519333354
2032.4589637333324
1685.991776933332
2360.7681986666657
1539.1309840999993
2057.799081366667
2591.713598866669
1872.306421266667
1989.1043126999975
2322.7462129333317
1816.8328694000002
1707.9521886666669
3171.2834332333337
1878.9699423666682
2423.203644233335
1773.9278081333334
1972.9135242666673
2601.017965199999
1673.3742812666665
1579.908083366667
1894.937297266667
2186.580240999999
2091.120303600001
1696.9565729999997
1803.3733289000008
1730.3938431333338
1584.972497333333
1812.049858399999
1995.0517163333336
1939.2178420666655
1862.779031566667
2026.4481845666655
1614.8127182999976
1889.4185718666681
1857.1815504999997
1585.2162119666666
1780.4899115666674
1761.1457662666667
2288.0449359000013
1688.8168879666662
