4558.458653333335
4326.551149433335
4652.654173333336
5232.247395233331
4785.953924133332
5155.421493766667
4043.654090833333
4325.173394366667
5151.946609166668
4902.549620533333
4227.373872433335
4639.559950766673
4767.108839400001
4686.621035166666
4731.674914566665
5120.201381399997
5298.401274566665
4530.853163066663
4767.4206501
5133.621496566666
4942.558559633337
4686.832098433335
4685.5012412333335
4586.099271233334
5046.049497033334
4835.215582166664
4564.628300066669
4638.158151633336
5109.828059899996
4976.364597133333
4891.377210333332
4639.397155333331
4710.378658300001
4263.853050799999
4795.883293533335
4862.825587366667
4407.2801086
4606.304785600002
4500.307308399995
5165.976208366663
4309.617025133334
4658.488773566664
4329.533911266667
4607.478553699996
4881.958588666666
4436.208832433334
5245.794136299999
4532.745594266668
4957.618920233331
4609.0916074
5074.335029899998
4695.084902366668
5175.7537436
5391.062156566665
4718.859371333332
5082.276516566663
4872.428681766664
5167.654895000003
4659.672243600004
4631.183599066668
4457.116793299996
4944.995115933333
4814.101034533333
4465.549882866667
5022.895747633335
4936.998178400006
4781.7830390666695
4535.6387191999975
4991.259027500003
5069.691071566669
4689.803473666667
4458.083905433333
4377.886782966664
5104.7076480333335
4565.467855366669
5019.3712831999965
4237.248694166666
4955.9945488666635
5025.723733399999
4806.8038879
4663.873358999999
4375.27860413333
5079.8460643
4418.929109299997
4994.282844133331
4567.530416700004
5456.543683433334
4813.7061838
4116.888225033334
4611.586255233332
4733.119082633332
5009.031886100007
4799.5977734
4579.626598933335
4410.7626433999985
5004.558318733338
4732.818507500001
4907.330373766664
4192.5496508666665
4758.475361933331
