2090.1136152000004
2070.1299884
1571.3479168
2044.6575914
1503.6422098000005
1827.9178602
1802.7229944000003
1617.3057924
1716.4036554
1530.8821758
1438.8848068
1602.025147
1827.2324122000002
1615.4089000000001
1716.1942769999996
1904.6460796000001
1834.7883676000001
1476.8308562
1699.2491097999998
1854.3511004
1710.5550017999997
1639.8745526000005
1705.0820807999996
1685.2847590000001
1855.2442876000005
1642.154979
1671.2327163999998
1631.9508304000005
1942.1363408000004
1757.3338084
1479.1063542000002
1867.881338
1687.8869713999995
1440.873415
1792.8999982
1821.2061546
1612.4738993999993
1905.8804316000005
1863.2083272
1636.2261019999999
1871.1667826000003
1472.1863358000003
1503.2713222
1590.7547260000001
1512.4236490000005
1612.5408188
1554.4046368000002
1691.9333242
1511.1649938
1632.2923218000003
1629.0942425999997
1757.0316452000004
1613.1646868000003
1556.9235894000003
1693.4608857999995
1651.9780572000006
1449.1945466
1763.2260627999995
1617.5590168
1786.3790313999998
1586.6453126000006
1627.6451753999995
1987.1767246000004
1844.5990476
1649.2020198000005
1655.9153698000002
1505.591898
1579.1934716000005
1732.4985006
1931.8850590000002
1555.9466511999992
1862.0314526000002
1648.0997832
1716.9194679999998
1539.6170576000002
1552.8505510000002
1610.2473372
1585.0160164
1645.5991408000002
1512.4633892000002
1694.5326628000005
1817.7859687999996
1878.3352646000003
1526.3856989999995
1632.3487317999998
1883.2477894
1645.8015385999997
2133.8547002000005
1617.4591738000006
1756.204394
1521.6893684000001
1911.3082740000007
1411.2221416
1598.6043033999997
1984.5425729999997
1704.2600838
1747.8843278000004
1704.9566168000001
1661.8442426
1558.9799372
1751.3467986
1455.8331766000001
1543.0276380000003
1867.8044842
1572.48234
1681.1185268
1569.5742708000005
1953.4595572000003
1646.6617184
1839.1303129999994
1889.5402453999995
1663.4686954
1696.0490584
1496.222475
1417.278532
1644.6222016000002
1695.8795018
1609.9358979999995
1580.4089386
1570.2601324
1717.5609878
1584.2277651999998
1526.1749240000008
1895.1878128000005
1823.9354721999998
1665.0918346
1516.9938593999998
1590.6018370000002
1565.5688085999996
1789.429725
1639.9753021999998
1574.1146756000003
1725.8342530000002
1715.0312800000002
1665.8026561999995
1569.4929000000002
1673.9727908000007
1530.6710718000002
1973.5600263999995
1390.1669037999998
1760.408725
1639.1779358000003
1814.6663850000007
1665.7125004000002
1543.694613
1572.1786178
1499.3709596
1595.4370965999994
1680.5072223999998
1715.1436050000002
1751.6010111999997
1790.9128682000003
1638.6314168
1751.6135736000003
1498.3444267999998
1590.6053676
1856.7849063999997
1767.8968571999999
1496.8672801999999
1501.6133678000003
1658.7006014
1604.087899
1791.0370180000004
1753.0755311999997
1678.5596694
1634.1464358000003
1609.3719692000004
1984.1647876
1648.8634009999996
2037.3400816
1507.2422971999997
1694.9352442
1547.0835134000001
1588.0086574000002
1664.6639624000004
1617.7078847999996
1600.3616106000002
1453.4605419999998
1703.7823696
1635.2819258000004
1776.3703046000003
1848.0613560000002
1569.7318387999999
1591.8591800000004
1748.1340229999994
1756.9956808
1669.9918802
1883.0770007999995
1780.6804731999996
1534.0043856000002
1580.5515623999997
1717.6622305999997
1750.6798245999996
1707.4029855999993
2043.5514123999994
2007.6905325999996
1891.6828069999997
1635.3981120000003
1750.9733654
1858.9015232
2042.0939707999999
1958.0470915999997
1604.0069395999997
1484.2311316000005
1704.880173
1747.5491564
1535.8229454000002
1752.9682963999999
1674.4216000000004
1671.5718296
1531.097631
1588.939942
1631.5632736
1831.987943
1741.3079368000003
1574.8006178000003
1779.8191466
1744.1413699999996
1872.6371158
1640.0602027999996
1637.3270265999995
1722.9217488000002
1672.6543592000005
1731.7558194000005
1687.4218206000003
1664.9195694
1741.5371050000003
1665.7579070000002
1562.2646440000003
1896.3100019999997
1657.1822336
2019.608387
1703.442192
1730.6152382000002
1915.5471726
1736.2450708000001
1695.7472238000003
1672.3941548
1645.5837036000003
1803.4735572
1988.7765446000003
1839.2152144
1618.1585806
1546.9211013999998
1591.2030422000007
1529.566207
1604.5575658000005
1846.0361268000001
1689.3077101999995
1479.1935541999999
1516.2230974
1687.9340194000001
1494.4114685999996
1742.3811083999994
1625.6984431999997
1705.2655960000004
1534.0874809999996
2142.3528625999998
1820.3366154000003
1873.4636300000002
1739.1272746
1896.8210521999997
1704.7276150000002
1514.1518875999996
2023.6118782000005
1725.9221100000004
1586.266131
1742.1099006000002
1714.2993548
1652.6606330000004
1740.1465810000009
1819.1204116
1705.1563895999998
1632.2053678000002
1424.5765821999998
1636.1736347999997
1684.4292613999999
1469.9216756000003
1589.5997743999997
1848.9946101999992
1627.6282602
1402.9272005999999
1651.4463169999997
1710.588093199999
1785.7767589999996
1931.6248556
1646.8622303999998
1833.9492907999995
1683.7055485999997
1786.108481
1653.9647764000003
1836.4803963999998
1647.8108392000004
1739.6144301999998
1838.9092746000003
1710.2541538000005
1782.606679
1712.4877763999998
1559.731404
1948.4144264000006
