2137.404539
1556.900106
1499.1803835999997
1499.185885
1435.899308
1567.9526095999995
1728.2292195999999
1551.5411534000002
1488.560762
1615.4093939999998
1567.0431655999998
1542.3173906
1599.5197415999996
1587.7123244000002
1353.5505341999994
1651.6560248
1666.4033684000003
1546.5460268000002
1564.1535705999997
1519.8691678
1491.3831089999999
1479.5071308
1396.8628455999997
1790.2507369999998
1650.5329309999997
1698.8948082
1446.7458814000001
1621.8888129999998
1669.8390737999998
1595.3627881999994
1632.6364434000002
1486.1166927999998
1587.9185836
1564.1282815999998
1500.5906956000003
1853.2624952
1454.9796492
1786.2681023999999
1468.4529022
1462.0988647999998
1507.3629978
1547.7969636000003
1616.5423383999996
1564.1583321999994
1469.6966960000002
1400.3238384000003
1561.9264347999997
1589.4847392
1500.7695291999996
1569.8566452
1519.7095455999997
1720.0697608000003
1692.6605656000002
1573.9194205999995
1526.9665408
1585.9217643999996
1543.8903616000005
1661.9867858
1494.1148881999998
1519.0048821999999
1724.1160303999995
1573.4378471999994
1594.7770197999998
1552.6322221999997
1657.9473297999998
1504.336034
1459.6192413999995
1705.3034482
1551.1870151999995
1654.5563757999998
1682.1953102000004
1599.5440456
1717.5618096000003
1582.0540825999997
1810.3794514000003
1777.6535096
1655.0589668000002
1686.9209541999999
1699.0270039999998
1681.1983370000003
1715.8624738
1656.9894418
1785.0055873999997
1593.8504144000003
1723.6563824
1426.6033708
1821.7742697999995
1461.9661760000004
1487.4540917999998
1511.7256363999998
1625.8254668
1580.5360432000002
1542.7615214000004
1510.110873
1659.9332280000006
1685.957974
1623.76838
1806.858929
1571.8940269999998
1565.0503692000004
1758.7993787999999
1599.9792268
1541.9746659999998
1567.8520258000003
1648.7047647999998
1481.7187471999998
1695.458035
1520.8221291999998
1589.6942819999997
1443.8188436
1396.2383217999998
1641.6206093999997
1564.6711063999994
1358.0232808
1685.4370719999997
1771.1243332
1773.6005063999996
1803.1021757999995
1423.5732874
1729.1170694000002
1680.3523640000003
1914.4750705999998
1673.4872776000002
1782.1832388
1794.2948731999998
1539.0800630000003
1456.4608204
1576.9486838
1779.4304401999998
1653.5043888000002
1741.3572844
1675.9050718
1593.3357530000003
1611.5463096000003
1669.1094489999991
1423.3684237999998
1432.4888921999998
1757.1675378
1653.3303996
1488.8168600000001
1475.4724365999998
1634.4210908
1329.0658325999998
1757.007342
1698.2052522000001
1694.8685712000008
1495.7655359999999
1700.5553062000004
1586.3598188
1504.1588424
1582.5651314
1643.5882804000005
1544.2564871999994
1745.7606498
1567.8411867999998
1625.0786814000007
1867.4814658
1394.7280824000002
1516.1405772000005
1472.0976586
1551.9069504
1605.7894537999998
1500.7021985999995
1750.6923875999998
1493.1076537999993
1650.5385143999995
1546.5398680000008
1486.4241092000002
1660.7451268000002
1637.1181395999995
1431.3988892000002
1475.1903924000005
1537.8023575999996
1594.777677
1553.6388847999997
1565.9180196000002
1588.6927940000003
1664.2353527999999
1613.3009886
1698.7785401999997
1551.7478225999992
1528.2958926000001
1484.9454832000001
1635.2956391999999
1762.1432044
1770.8713534
1439.301593
1752.2871172000002
1845.7481690000006
1435.4739812
1563.6304523999997
1618.2019338
1551.6624276000005
1407.4662108000002
1335.9426621999999
1565.1440567999996
1505.0002176000003
1446.199114
1551.2912114000005
1593.4669638000007
1759.8931596
1530.6043164000002
1402.6578
1535.6758062
1471.8987066
1412.1273982000002
1793.4845354000001
1503.0119368000003
1545.9697816000003
1723.3212930000002
1793.6870984000007
1467.960491
1466.813505
1722.866407
1525.7133874
1460.8867656
1804.5547734000004
1555.7252850000002
1722.0279881999993
1824.5553986000002
1494.8018985999997
1722.693156
1600.5617922000001
1619.3307748000004
1592.1180696000004
1538.8929347999997
1557.3515433999999
1382.5802391999998
1825.7459842000007
1719.1284574
1739.0572358000002
1498.8359343999996
1590.1166524000007
1446.9923728000003
1645.0020398000001
1689.9112148
1879.9247396
1504.9828111999998
1444.2371904
1389.4986973999999
1593.9167596
1536.0855318000001
1639.1894313999999
1699.0176431999998
1674.5744882000001
1537.0367704
1691.4887016
1634.4384991999998
1520.6390240000003
1625.0088888000007
1412.1165592000004
1434.8081551999996
1510.8039576
1459.203604
1716.9725116000004
1701.8218434000003
1703.5692142000005
1542.7570049999995
1656.2372368000003
1707.6465218
1526.3491608000002
1798.0528578
1684.6763290000004
1664.8101179999992
1580.0875616000003
1609.1829536000005
1521.9155802
1647.987787000001
1761.5015181999997
1597.4691405999997
1741.7904125999996
1801.1614376
1715.1072309999995
1819.3852955999996
1453.1407270000002
1851.9163111999992
1837.1756977999999
1637.1341518000002
1809.5741234000002
1626.4033525999996
1696.4888367999997
1669.0321846000004
1474.1682933999994
1599.2654498000002
1490.7631001999998
1401.1767917999996
1585.1352386
1940.6378436
1567.0583563999999
1803.0624348000001
1502.2602258000002
1657.6693078000003
1574.9653281999997
1836.631395
1373.0608825999998
1426.0745857999998
1920.4218455999999
1693.8511542000006
1653.4971632000002
1749.0029043999998
