2037.1428551999998
1815.8509774000004
1663.1842683999996
1742.2852860000003
1496.2897212000005
1521.9102424
1912.4025475999997
1590.9260874000006
1558.3646096
1753.6369134000001
1495.0601325999999
1805.5991234
1751.8972607999997
1674.5651283999998
1832.7908903999996
1607.6507086000001
1529.4236653999997
1558.9007846
1806.8401258000001
1574.3554206000003
1853.5190043999996
1671.7920458
1497.1199308000002
1791.6480742000003
1814.7796959999996
1635.2416925999996
1824.8158497999998
1682.7473316
1640.3706582
1842.2202555999997
1781.7006009999996
1655.4969376000001
1756.6482771999997
1562.6911203999996
1953.9358735999997
1843.0480002000002
1787.9666994
1758.7293392
1469.6894700000003
1673.0698325999997
1629.765652
1467.1116444000002
1694.0327784000003
1551.4954174
1704.1194293999997
1328.0431584
1614.5225297999998
1528.4453315999997
1520.0535026000005
1956.0060991999997
1766.8010256000007
1544.0870950000003
1627.6455853999996
1553.1318583999996
1484.3874680000001
1490.1464584
1814.9534389999994
1566.9819123999998
1839.6848813999998
1756.2140823999998
1862.2620982
1762.4542340000003
1519.8988911999998
1464.0102073999997
1747.3532441999996
1775.288677
1563.0883655999996
1687.2665524000001
1888.6365491999995
1692.7720716000001
1523.5353539999994
1710.7248053999992
1598.3840046000003
1908.9170005999997
1423.6360197999998
1626.6371185999994
1599.4670274
1436.1774956
1643.3294720000006
1776.3430429999999
1772.5059066
1813.5874676
1804.7474025999993
1608.0933622
1766.1243625999998
1474.7826362
1926.0085709999998
1961.7558936
1830.9193709999995
1992.404714
1716.6233818000003
1709.4053881999998
1930.985386799999
1746.6057198000003
1781.0687688000005
1860.7734548
1679.4748604
1668.7466899999997
1592.8412892000001
1665.80783
1904.4816966
1409.1915763999998
1604.9319842000002
1433.2026697999995
1521.99687
1918.9437944
1472.8507653999998
1638.5277942
1581.3192842
1737.4341788
1586.0977248000002
1694.039759
1619.8679349999998
1555.3914273999994
1646.6553133999998
1641.3925926000002
1812.1071989999994
1653.2840897999997
1616.0846616000003
1635.7162846
1551.5643907999997
1603.3362692
1639.4672078
1628.5975626
1587.0461716000002
1844.1794694
1727.457638000001
1783.3641383999995
1587.0745804
1488.6584705999996
1542.9419161999997
1598.4487892
1817.9727672
1719.9690939999994
1780.9699920000003
1585.3848514000001
1663.1006815999995
1652.4880394000002
1678.1088883999996
1492.9192942000002
1791.8683742000003
1486.3151509999996
1579.9568433999996
1614.0274101999996
1770.7463833999998
1878.9971482000005
1438.3570894000002
1719.8552086000002
1720.1091716
1712.2646834
1717.0860674000005
1643.7719589999997
1788.1506244000002
1611.1617912
1572.1344421999995
1767.9052325999999
1704.5854010000007
1586.0123314
1899.4878836
1565.5183121999999
1709.6458863999997
1622.5871522000004
1655.1011712000004
1600.4778769999998
1653.9764363999996
1840.834412
1527.2435775999995
1623.076115
1649.7870492000002
1577.1897557999996
1640.1862405999998
1749.1759072000007
1769.9989411999995
1909.0410683999996
1593.003046
1522.9580406000002
1634.9647371999995
1712.3918718
1746.6122070000004
1772.3556455999997
1533.014968
1701.5999020000004
1756.1542252
1597.4330137999998
1750.4643704
1562.7077057999998
1808.9438509999993
1713.4374538000004
1808.5644224000002
1606.2137124000008
1687.5580407999996
1541.7159394
1523.4292675999998
1694.9229275999996
1650.2948962000003
1447.2307364
1580.4467907999997
1608.3962642000001
1794.7546044000003
1413.4737462000003
1665.0289400000004
1496.7062623999996
1837.1694592000003
1849.1689296000002
1574.8780472
1658.4966433999998
1730.4215422
1574.491148
1585.6962920000003
1510.1082447999997
1786.7073871999999
1942.8623507999998
1427.8540615999998
1876.0888330000002
1557.7480501999994
1814.7365882000004
1811.9461008000007
1623.4952839999996
1515.5635954
1781.7827925999998
1724.6462932000004
1544.6860014
1474.9783028
1827.1828159999998
2000.2709613999996
2019.0805047999997
1796.5020560000003
1634.3173056
1418.1674476000003
1554.5274727999997
1701.3212227999998
1608.348805
1662.3355031999997
1481.4364550000005
1399.1688882000003
1725.5695312000003
1677.2278549999994
1518.4893182000003
1779.2741023999997
1781.4857210000007
1676.8220701999996
1713.3503349999996
1548.6027031999997
1504.2807747999996
1797.8048038000002
1610.9069236000005
1718.3585178000003
1509.6490888
1336.6864906000003
1997.244817
1546.0845711999998
1577.8866192
1864.4618915999997
1363.5398034
1822.9488449999997
1587.7523939999999
1631.3098836000001
1507.2220162
1755.5896399999997
1641.7887707999994
1715.6785484
1813.5120906000004
1578.6816851999997
1746.086458
1887.3983382000006
1519.4328362
1836.905148
1780.6490250000008
1719.6085517999998
1731.94738
1854.2074096000003
1339.9749738
1433.4438247999997
1721.1812746000003
1777.8367778
1975.5962586000003
1550.7065927999997
1771.8965716000002
1722.7371668000005
1660.2609266
1842.4798864
1519.3393975999998
1511.0302510000006
1859.0751031999998
1505.6517564
1751.6081546
1584.6994018
1649.8623444000002
1557.3231344
1808.7735558000006
1573.8878900000002
1891.6401930000002
1776.0563983999998
1936.4078112
1760.5368153999998
1902.2594056000003
1724.9934521999996
1705.4474672000003
1755.7807086000003
1723.0458986000003
