1947.8101827999997
1762.1108521999997
1558.4358810000003
1583.4803234
1629.5998732
1615.5366631999998
1416.6661611999996
1680.9335344000003
1722.9238831999994
1487.0377126
1549.9107060000001
1396.203915
1541.6751305999999
1587.6029542
1542.4259385999999
1704.9331338000002
1561.0034430000005
1540.7057473999996
1532.2326298
1709.5636124000005
1484.0862081999999
1498.2560776
1571.9058502
1492.6234532000003
1636.484911199999
1686.8339179999996
1572.9882157999998
1688.0338659999993
1578.3015172
1467.6269640000005
1470.9413104
1622.5985670000002
1519.1999754000003
1578.9605278000004
1571.5856233999998
1575.2193762000002
1565.7418947999997
1593.1908296
1643.7591496
1501.9464866000003
1579.4521159999997
1488.2691098000003
1487.8454232000001
1499.9578772
1469.9549293999999
1420.5955055999998
1636.6047912000001
1566.8534109999998
1554.5963619999998
1685.0483662
1623.5985774
1552.5322137999995
1478.3100568
1533.2785390000001
1540.3453682000002
1352.2307076
1539.237959
1779.3538323999996
1456.4260067999996
1695.5311944
1688.5999273999998
1459.7551328000002
1354.0473786000005
1577.6008774
1732.7542707999999
1480.7092124
1543.9272268000004
1651.6439543999995
1688.0383812000007
1432.7329211999997
1717.8359730000002
1577.4763174000004
1520.2449821999999
1551.3376036000004
1481.0498846
1398.5291738
1506.4930488
1756.005853599999
1625.035328
1384.9644507999994
1397.6248217999998
1631.5566224000002
1567.7553008
1651.9247678000002
1515.7510505999996
1558.5828577999994
1941.9596395999997
1583.3643015999999
1622.5921608
1595.8358214000002
1571.5826668
1708.1961622
1508.0449992000003
1425.6307035999996
1727.8426485999998
1566.9640126000002
1626.6564957999997
1613.0114696
1566.5937814000004
1555.2944560000003
1575.6625198000004
1668.9699456000003
1647.3081665999996
1790.7089887999996
1536.5811437999996
1602.9349198000004
1749.0378840000003
1556.516902
1455.5544146000002
1644.2936821999997
1617.1030640000006
1508.4018477999996
1927.8417458
1472.0921550000005
1423.8508994000001
1721.7576020000006
1420.7698254000002
1727.7170204000001
1788.1958666
1646.4903553999998
1473.761112
1609.3319830000005
1484.6160598
1851.9651655999999
1543.8895398000002
1401.4557998000005
1472.5828417999996
1498.2756193999999
1719.2179564000003
1648.127372
1562.5700901999996
1711.3802836
1686.3068592000002
1793.5459524
1572.2012797999998
1569.2839320000003
1536.1276538000006
1604.9738605999996
1523.0799739999995
1571.8591293999998
1761.1910627999998
1564.7802294
1532.9808926000003
1655.6362780000002
1571.5331555999999
1552.6763162
1579.2015188000003
1648.9289229999997
1586.8985378
1518.3715733999998
1397.1305212000004
1857.4655122000001
1948.0056025999997
1566.1423433999998
1541.930244
1511.9773017999999
1411.0457708
1685.2317988000002
1675.0922697999997
1557.1081712000002
1602.6945848000003
1572.9571804000007
1772.0965895999998
1469.2621728
1582.2484354
1555.5830706
1485.8469628
1642.0640824000004
1525.4540855999999
1861.1544418000005
1579.8726805999997
1800.9625688
1611.4343948
1746.2366379999999
1542.7175104000003
1472.2674589999997
1513.969358
1664.8498582000007
1591.4615239999994
1619.6141352000004
1571.0836883999996
1476.2272692
1581.8531597999993
1429.5162025999996
1469.7672285999997
1761.4348467999996
1697.0083425999997
1771.9199727999999
1505.5615166000002
1701.7468785999997
1612.7836160000004
1668.8389807999995
1510.7412270000007
1876.9973736000002
1680.6503394
1603.4424378
1498.739703
1601.5517856
1466.6523244000002
1769.4944608000005
1665.4229818000001
1661.5348548000004
1700.9689741999991
1559.781654
1731.9664298
1652.6255718
1706.767213
1437.5806629999997
1604.9958656000003
1654.9549337999995
1585.6136072000002
1632.6159158000003
1798.5689156
1502.9751536
1550.5431942000007
1591.1730727999995
1694.5117234000004
1578.4893826000002
1714.8431680000003
1782.6777852000002
1500.4110388
1529.4432898000005
1531.3988074
1376.9009760000001
1602.3396255999996
1499.9251985999997
1594.8882776
1542.1833058000002
1577.0871190000005
1816.7905558000002
1555.4809269999998
1622.5373127999994
1736.1658352000002
1539.920945
1624.3723764000001
1636.9103213999997
1783.3636453999998
1645.0967136000002
1421.8699264000004
1455.9840937999998
1534.9894526000007
1495.6789087999998
1549.8069202000001
1476.1573944000002
1591.5216276000003
1829.086771
1488.5871188
1565.0948733999996
1740.5417748000002
1414.1021296000001
1616.8500030000005
1492.2269464
1587.5402225999997
1640.5993336
1404.3956464
1811.4334918000002
1473.8989746
1545.9357890000006
1589.6975673999996
1470.6377524000002
1685.3139076000004
1718.4455538000004
1744.7029156000003
1692.3616063999996
1771.5348788000001
1620.6398459999996
1582.5196423999996
1710.308921
1707.5701604000005
1693.4734498
1714.9547536
1648.9468227999992
1543.6841846000002
1487.8489550000002
1488.9246702000005
1554.2213673999995
1609.0296546000004
1525.1768025999993
1716.5023518000003
1807.8810266000003
1704.1710765999999
1663.0864775999999
1776.0770088
1675.2613348000002
1521.357975
1699.7089227999998
1636.5835245999997
1488.8883790000002
1552.4835229999999
1758.8837054
1499.9546763999997
1592.0572272
1551.7117767999998
1789.8378924
1757.9853468000003
1731.3545499999998
1563.3642526
1553.1431889999994
1456.8722712000003
1700.6516212000001
