2374.4580568
2004.2645171999989
1512.2579522
1314.0202665999998
1244.8410238000001
1280.1930715999997
1242.3364401999997
1172.8602914
1324.5930858000002
1330.8635363999995
1269.7509699999998
1259.4564191999998
1237.475151
1192.1161002000001
1315.2619248000003
1170.8386742
1209.0747340000007
1235.344987
1159.6308192000001
1127.3983546000002
1175.1950723999998
1332.1097108
1195.3102384000003
1316.2409982
1419.2934156000001
1234.2848722
1240.7843243999998
1247.8705330000003
1196.4532024000002
1301.9883621999998
1216.3205610000002
1235.2543389999998
1214.6497171999995
1228.2729843999998
1193.4989050000004
1286.4343740000002
1227.7703920000004
1274.2329138
1185.7398096000002
1304.4734029999997
1213.4078131999995
1285.8315271999993
1163.7546832
1231.1519874
1182.3034498000004
1396.3378386
1247.9316233999998
1243.6562672
1244.407569
1216.6855383999998
1308.0457382000002
1219.338905
1275.0857022
1219.8052043999999
1201.5610638
1387.7326871999999
1170.2912502
1246.3156267999998
1277.9728336000003
1201.5356938000002
1288.1161384
1268.5375583999999
1199.4370574
1213.27266
1256.3982546
1246.2247309999998
1311.8721200000002
1212.9649128000003
1330.9722506
1171.4145890000002
1217.0012486
1223.9320236000003
1227.6415633999998
1230.2526422000003
1256.4896417999998
1255.4430744
1224.2156294000001
1218.6536186000003
1210.5797989999999
1194.1618577999998
1354.0712726000002
1187.1861682000003
1184.9618233999997
1448.885159
1426.7862290000003
1397.902434
1202.6505738000003
1275.2409709999997
1365.8119347999996
1247.4014414000003
1242.8524983999998
1250.683931
1234.0359974000005
1301.9124102000003
1248.6663372000005
1312.208849
1249.5092722
1348.1141522000003
1204.2687877999997
1270.7587816
1348.7468046000006
1197.1765853999998
1247.4104745999998
1206.4336830000002
1399.064938
1228.5432885999999
1187.8336009999998
1190.2769307999997
1302.0336866
1223.7811874000001
1354.1643844000002
1235.4742266000003
1222.1520556
1334.4082828000005
1376.9051642
1353.5003661999997
1209.4710768
1230.5748402
1232.1597985999997
1374.2131248000003
1161.450857
1395.6763637999998
1273.0152318
1260.5361586000001
1217.5066326
1247.0929568
1529.6051272
1294.0299055999997
1257.2912759999997
1231.1345804000005
1331.0105948
1275.2855562000002
1190.8108064
1195.0821376000001
1361.9684762
1461.5341980000003
1313.9645140000002
1346.4711424
1299.1809586
1201.8307106
1247.1083924000002
1251.049729
1254.433703
1423.248462
1399.2990310000002
1257.1229516
1178.0733354000001
1357.9983203999998
1259.4248888
1276.6975104
1345.8614799999996
1240.4705034
1171.3936510000003
1184.9467152
1270.0209469999998
1265.3793013999996
1204.2035923999997
1274.9096588
1237.2054218000003
1251.62942
1320.974523
1432.21514
1306.0278165999998
1295.0093891999998
1297.6035550000001
1276.6038231999999
1217.0778566
1268.7122866
1231.7545051999998
1204.728353
1234.0009375999998
1227.0479118000005
1297.5423824000004
1206.1821826
1414.7153228000004
1189.7357476000004
1291.2732454
1229.3209466
1407.4454362
1311.2269856000003
1217.7779219999998
1186.7828464
1160.83791
1302.2700790000004
1468.7755104000005
1347.6882501999999
1472.0575062000003
1223.2764619999998
1176.3374607999997
1235.9081753999997
1218.8628332
1197.5280131999996
1261.3345895999998
1503.9930638000003
1213.1455546000002
1248.315976
1511.2846263999998
1292.0594436000001
1216.9869614
1222.6903647999995
1423.1202896000002
1292.1515703999994
1266.5193078000004
1197.6702269999996
1422.0585332
1223.3292575999994
1281.3683036000004
1375.2499212
1242.5731608000003
1240.2246676
1197.68394
1230.2684066000002
1174.2828354000003
1361.6889748
1350.0827257999997
1233.3844598
1307.0679802000002
1268.1939295999998
1129.7484907999997
1210.7817062
1151.7322216
1150.2560588
1532.1004332
1493.6777388000005
1322.2356424000004
1270.0422945999999
1407.8416963999998
1366.5922206000002
1109.1083167999998
1199.318
1199.3382812000002
1195.9818115999997
1202.5702722
1399.5718000000002
1473.1240244
1170.9436094000002
1290.0591768000002
1212.8443776000001
1225.7513222
1225.5749504
1456.8728464
1270.639805
1305.5124973999998
1197.0034176000001
1240.5251874
1233.8730116
1249.1089076000003
1362.89861
1230.1982864000001
1322.4634953999994
1292.0600188000003
1331.1926318000003
1287.4332341999998
1174.5487877999997
1254.5276372
1336.0280547999998
1209.5120482
1285.9808836
1208.745146
1383.4845096000004
1155.933514
1277.2753142
1313.8021836000003
1197.0421731999998
1349.8178409999998
1296.2912819999997
1234.6903296000005
1254.8079574
1288.6248068000002
1298.8457880000003
1135.4033670000003
1171.3080942
1281.5973895999998
1470.5581894
1313.457571
1448.4231303999998
1236.1278994
1224.6662458
1342.1307568000002
1171.1305725999998
1267.3535398000004
1445.271605
1250.4737306000002
1358.5168405999998
1313.4853235999994
1218.1952024000004
1192.0851433999999
1211.211056
1243.8145752000003
1464.7108488000003
1298.0541713999999
1262.7911284
1258.9247602
1356.0566790000003
1239.2925604000004
1282.8201631999996
1186.6718342000001
1118.8277734000003
1497.0101492
1306.0948184
