2139.0387616
2238.3395996
1658.7128363999998
1574.299011
1603.1527555999994
1743.244406
1702.3048114000005
1675.5729389999997
1610.3356044
1548.6721674000003
1826.2089178
1510.2297658000005
1341.0785225999998
1579.9912462
1652.4688253999993
1756.2966838
1641.7537104000003
1714.1558279999997
1488.0525860000002
1505.7739345999998
1518.6612546000003
1629.0021978000004
1814.4041274
1516.544886
1571.0492844000003
1665.1904479999998
1653.2201261999994
1361.922002
1515.0183882000001
1624.8642924000003
1756.6917126000005
1788.9894545999998
1781.0727105999995
1626.8373016
1627.8479039999997
1693.5102358000001
1809.3541527999998
1773.0865019999997
2005.7552962
1519.5480369999996
1497.3290624000003
1861.3304838
1629.9885785999995
1675.345495
1594.467221
1408.2649703999996
1475.8687795999995
1431.077596
1746.735862
1579.518216
1513.7052943999997
1594.2672022
1471.8285851999995
1745.892928
1647.274336
1714.9194464
1674.7890406
1669.6275603999998
1727.5891764000003
1496.8420716000003
1672.4095085999995
1636.8200834
1552.5439546000002
1730.5070995999993
1584.217501
1491.8827444
1722.8084384000001
1552.8297783999997
1776.4207188000007
1487.1699914
1617.5438283999993
1698.1779918
1565.4822657999998
1746.8105007999998
1807.0512293999998
1446.8309460000005
1587.6986129999998
1673.03231
1692.1689777999993
1865.0851023999994
1724.3977481999996
1532.1203855999995
1736.6579153999999
1640.3817428
1461.8186242000002
1503.0223660000001
1455.0321990000002
1786.9793329999998
1886.1747439999997
1643.997268
1497.8958644
1668.1293098000003
1786.7071403999994
1914.6502104000006
1318.9702328000003
2011.2633598
2040.2323862000003
1770.8957393999997
1701.0831868000002
1535.4309555999998
1840.2522558000003
1771.6025373999998
1707.5970108
1792.8150974
1932.8209425999999
1729.6303341999997
1794.5249443999999
1622.0387435999992
1448.9813089999998
1840.2496292000003
1624.4147441999996
1494.9657068000004
1503.9736843999997
1560.0276548
1584.5612922
2093.3686783999997
1710.5695354
1909.8877814000007
2134.4403052
1938.0285688000001
1587.6799725999997
1582.9899653999998
1393.8120684
1713.1873486000002
1812.4931946000004
1855.864706199999
1715.455539
1551.059088
1706.5945364000002
2005.2616553999999
1689.4126468
1690.3146194
1853.8200178
1738.4808277999994
1512.6166878000001
1509.0559304
1697.9719794000002
1753.9133768
1719.4124742
1599.9707687999994
1736.6263864000002
1504.3376768000003
1832.6651816000003
1558.2211651999992
1538.2227569999998
1525.959715
1681.1223861999997
1940.4959575999999
1544.9910378
1514.8044113999997
1640.5742072000003
1767.2093552
2057.7603666
1829.6451964
1497.1111428000002
1933.3946415999997
1898.252794
1417.622489
1715.2048587999996
1678.1790927999996
1425.6886723999999
1742.618076
1600.6385648000003
1564.0740070000002
1510.1600572000002
1679.5095943999995
1544.6654749999996
1754.7384124000005
1694.2897
1988.3485077999999
1605.9090867999998
1889.0140043999997
1595.582185
1668.6940583999997
1568.0368541999999
1616.2012565999999
1739.0371188000004
1683.8134419999997
1671.0914064000003
1640.6664166
1439.2391906000003
1626.0085710000003
1754.8550889999997
1637.3234954000002
1900.8764370000001
1788.0810762000003
1535.4627314
1440.2694173999996
1798.2863762
1658.7066774
1860.8029324000006
1434.2228794
1712.0249262
1792.0902344
1794.8829408000006
1780.4756111999993
1597.5308885999993
1734.1423293999999
1843.3078764
1751.1675547999996
1738.6366714
1697.1191898000002
1790.9843034000003
1936.8151556000003
1586.085491
1955.6530284000003
1908.3445341999998
2013.6546337999998
1905.4332619999996
1803.4834104
1715.2400833999998
1771.470752
1658.9853578000004
1469.1918874000005
1789.1783061999997
1571.0816353999994
1494.3354346
1706.5099634000005
1866.5047744
1553.2161030000002
1757.8608692000007
1816.559747
1595.3140965999994
1886.8177422
1960.0325802
1460.7265700000007
2007.4454366000002
1361.6504641999998
1576.399206
1860.5217885999996
1369.2872154000004
1460.4097090000002
1758.6154554
1359.0714901999997
1609.0753077999993
1652.6481529999999
1756.8187359999997
1598.1302053999998
1752.2253710000002
1872.1605531999999
1771.6443315999998
1581.6401692000006
1494.9868906000002
1909.4127780000001
1614.4485503999997
1677.6810988
1620.5706271999998
1637.3083874000001
1584.0238863999996
1894.6025374
1662.9899162
1589.6218610000003
1720.2439954000001
1513.5635739999998
1551.1334798000003
1520.5490331999995
1705.6487165999997
1866.2814372000005
1754.9893388
1720.5152047999998
1538.6385604000002
1534.2521926
1365.9412580000003
1694.405885
1559.8350257999994
1485.9326027999998
1665.8263856000003
1862.4587501999997
1781.2102437999995
1777.0428618000003
1838.5846147999996
1512.7515938000004
1596.0993095999997
1789.2324986000003
1761.2712028000003
1524.3572690000003
1722.1645356000001
1832.8500926
1891.2822783999998
1656.0019122000003
1687.3223052
1646.1093683999998
1524.1151271999997
1780.9750826
1913.3133038000003
1831.4015173999994
1641.5700305999999
1727.6723539999998
1844.5431319999996
1645.5849352000002
1898.3396653999998
1696.014738
1964.4051532000003
1430.9231484000002
1474.4858920000001
1725.8518242000002
1660.0450612
1597.7061101999996
1526.5832546000006
1952.7586720000004
