1743.628762
1371.6832511999999
1755.3710647999999
1230.5250004
1224.5365952
1334.9566908
1250.3836580000002
1273.7674335999995
1425.5498248000004
1246.8426052
1236.6672780000001
1243.1388147999999
1411.9584172
1324.2423960000003
1252.8379076
1196.2446455999998
1379.8383591999998
1169.9178992000002
1403.0644888000002
1270.2024103999997
1540.0601212
1207.3739192
1566.2563107999997
1183.3611807999998
1469.4926555999998
1321.1363615999999
1210.3359340000002
1311.0408432
1215.9185536000002
1436.1939984
1369.9761964000002
1304.9998884000001
1438.5741864000001
1187.7975536
1368.1829255999996
1331.0336668
1302.3978412000004
1439.0228332
1493.8108379999999
1275.7165496000002
1234.3031815999998
1286.7037748
1438.9523832
1212.8525872
1412.5630703999998
1314.9233056000003
1269.8040136
1540.6258552000002
1319.4347256000003
1269.8565644000003
1326.6217623999996
1255.3956148
1246.1169227999999
1325.4246084000001
1180.1523448
1389.7732704000002
1441.741146
1266.4741488000002
1193.106256
1228.6529052
1308.6248552
1202.1566856
1347.7631336
1277.0138764
1363.3092388000002
1349.30285
1289.8937271999998
1369.0986119999998
1275.2876088000003
1509.1659568
1176.0160012
1611.4764351999997
1213.5201368000003
1235.2742088000002
1381.4289848
1338.3829520000002
1394.76651
1410.7985392
1495.8136512000003
1369.8510615999999
1156.2972596000002
1230.0011416000002
1586.750002
1308.02398
1397.9947244000002
1341.3357736
1197.2398092
1402.4322447999998
1262.9657751999998
1359.6318867999998
1441.6457348000001
1302.0541312000003
1200.6578616
1249.107348
1526.0808267999998
1403.5848967999998
1281.5088775999998
1449.1828864
1501.5716567999998
1316.3904376
1272.7170904
1295.0483912
1241.63309
1446.5182735999997
1251.1658307999999
1151.5828632000002
1500.8476164
1650.7436236000003
1494.9664443999998
1217.4566292
1303.0113632
1272.4733919999999
1255.551788
1288.0528348
1368.1697900000001
1405.6870632
1327.7084016
1325.4206676
1530.7607352
1307.5173644000001
1540.4442272000001
1362.0877803999997
1251.6269584000001
1385.7885012
1200.2678412
1348.1928956000002
1350.6970688000001
1311.1986571999996
1241.8695660000003
1357.7088852000002
1186.0320368
1307.6441407999998
1455.0796596
1395.8367236
1391.36636
1604.5334260000006
1222.6748460000001
1252.9980208
1237.3095384
1166.3576351999998
1257.0739316
1223.8235568
1347.5370031999998
1233.1221199999998
1361.0055768000002
1398.9105716000004
1388.9672859999998
1273.9730364
1264.7918892000002
1175.013774
1375.8049796
1557.987728
1216.7649391999998
1553.6812524000002
1188.4516376000004
1243.7843567999998
1568.4978992
1186.6481867999996
1212.7038064000003
1242.1735356
1308.4645783999997
1568.6195843999997
1465.2032579999996
1361.1244724
1144.4876256
1243.2379987999998
1239.0563327999998
1350.5911475999999
1352.5038036000003
1310.4893968
1379.9728560000003
1282.6722015999999
1261.0588672000001
1388.8610356000002
1386.963816
1491.7114648000002
1539.6037563999998
1320.4834288000002
1495.8427164
1223.466546
1280.3422627999998
1260.4187411999999
1565.7071636000003
1367.3173288000003
1268.8009659999998
1384.4469963999998
1342.4900659999996
1258.5095324000001
1436.9150828000002
1273.1601556
1181.0494740000001
1193.4598191999999
1208.8822688
1288.9988968000002
1279.1832076
1428.8044788
1205.58886
1217.6763511999998
1476.4366484000002
1393.6274876000002
1383.2286583999999
1340.234356
1218.3856156
1241.1672007999998
1264.7915604
1287.3258364
1361.3547072
1181.9930736000001
1282.2375163999998
1493.0992764000005
1371.1497044
1590.0783892000004
1305.7961859999998
1287.3604856
1189.0649944
1275.2040208
1251.0362632
1373.8841128
1204.575302
1470.3061936000001
1374.3647808
1369.5308372
1135.2013776000001
1290.7834632
1377.7007232
1389.5648771999997
1624.7934336
1175.524002
1205.0725556
1316.0220931999997
1379.9010904000002
1260.5256488
1179.943132
1239.9986188000003
1277.0281636
1311.9744288000002
1206.787328
1427.5163456
1391.3441884
1242.7364768
1293.6914512
1408.0501711999998
1259.4298152000001
1335.9761627999999
1366.4673308000001
1216.1676755999997
1453.2161028000003
1164.3278884
1210.5267571999998
1209.2762300000002
1216.3389543999997
1076.0991795999998
1610.3369188000004
1285.5770691999999
1284.9410496000003
1339.2833648
1570.8478704
1435.8653983999998
1295.7477987999998
1862.59924
1294.9513368
1296.9776344
1342.7143896
1138.4934739999999
1188.007918
1229.7645015999997
1402.0768759999999
1247.0684048000003
1248.0492848000001
1293.5789620000003
1296.8068475999999
1384.6315804
1296.9613760000002
1586.2747524
1295.64894
1231.9873668000002
1520.204256
1206.94383
1276.7082667999996
1333.7700464
1320.594768
1315.8419451999998
1329.8030116
1207.3435371999994
1204.6253887999999
1202.498754
1307.9512284
1301.6158304
1381.7424776
1205.2686311999998
1295.0441224
1152.0924343999998
1349.6199556000001
1526.8705564000002
1302.4707556000003
1243.7777904000004
1445.8052356000003
1348.1439567999998
1401.751066
1433.0758112
