1567.9814296
1427.6825347999995
1204.9860128
1454.8870296
1275.7305079999999
1297.6161164000002
1340.9381999999998
1386.6731479999999
1379.76988
1207.2790016
1218.6928672000001
1394.7876943999997
1314.4418171999998
1358.8231096
1207.5874024000002
1207.4824687999999
1176.7564655999997
1178.65155
1188.6179915999999
1197.8219667999997
1265.795924
1254.1685724000001
1357.6151152
1218.3117148
1127.6657031999998
1291.3881179999998
1360.9408755999998
1172.3962895999998
1296.825732
1221.3395819999998
1355.9129868
1199.9824288
1297.4785020000002
1308.188854
1272.6771868000003
1220.9797784
1353.0949920000003
1141.4173884000002
1225.5245356
1272.2794483999999
1240.2130903999998
1212.78723
1216.6897244
1251.3402292
1348.8796584000002
1152.5056096
1342.3611552
1295.5343139999998
1314.8944016
1362.0081324000002
1194.6430168
1346.2759683999998
1332.2193284
1336.0551500000001
1177.9363768
1218.5352176
1374.0897139999997
1212.0495576
1245.6114572
1352.9590191999998
1286.508354
1267.6446992
1273.1371636000001
1245.9428491999997
1331.5883996000002
1194.902482
1227.8809128
1171.8937795999998
1178.8881892
1197.1105711999999
1320.2433388
1142.9500448000001
1065.4983571999996
1335.920164
1203.651898
1189.0209843999999
1142.7515044
1212.2278996
1188.5843267999999
1218.3888984
1272.8919835999998
1269.3492912000004
1219.5518952
1204.6000988
1186.2924876
1222.3291660000002
1300.6132744
1171.6298791999998
1335.6454244
1263.9873828
1183.2240596000001
1349.5895759999999
1196.1633547999998
1141.9374712000001
1214.0676435999999
1189.2127908
1330.054266
1318.7671771999999
1135.8267236
1284.4938819999998
1191.269634
1249.5899884
1357.1523456000002
1209.8693892
1323.2587252
1230.4177648000002
1235.7865703999998
1139.5595812
1274.2380856
1289.1051464
1218.2686899999999
1369.9372775999998
1370.8626504000003
1331.2545404000002
1273.8860012
1318.2231204
1278.3072651999996
1217.2738508
1098.5125868
1188.8501975999998
1289.4086227999996
1265.2209944
1223.8568923999999
1198.2684768000004
1279.1823872000002
1226.7287536000003
1314.7434852
1106.8982584000003
1306.06567
1247.2331204000002
1349.9672799999998
1337.2629808000002
1196.3413687999998
1212.4832608
1191.6901979999998
1203.2626991999998
1184.828642
1215.8505672000001
1298.1064756
1106.7956232000004
1212.1564648000003
1280.6051796
1166.2384111999997
1225.6406376
1274.9232060000002
1268.4978164
1222.0247028
1229.3376971999999
1213.0977672
1210.660596
1200.6327356
1217.7451599999995
1191.6026699999998
1305.3513176
1199.2009115999997
1373.7625896
1180.8507672
1217.2132563999999
1178.1088063999998
1188.9035684
1207.7941544000003
1219.3660004
1216.3954452
1319.9452807999994
1320.45239
1262.8508244000002
1285.8092743999998
1195.1921632
1322.048434
1215.8750364
1374.0668876
1205.2957288000002
1219.6271080000004
1368.812542
1240.5329888
1355.0414776
1370.9741536000001
1303.329948
1307.7999852
1330.0639543999996
1222.9679751999997
1191.1702812
1195.3614755999997
1207.0745488
1264.9774576000002
1229.7213112
1168.9690424
1113.0485824
1251.5798267999999
1169.4608796
1166.1057231999998
1335.1563812
1205.07387
1366.7911716000003
1364.8282635999997
1219.0835428
1209.128926
1218.7482084
1114.6561212000001
1217.132624
1215.797032
1226.9629275999996
1329.3964064
1362.3319731999998
1373.6771967999998
1364.445142
1235.974766
1192.5636768
1212.4865439999996
1179.9396824
1211.6488640000002
1214.5865740000002
1234.7084747999997
1287.6744707999999
1202.5999127999999
1363.8662711999998
1323.6170520000003
1244.0162360000002
1224.5388952
1232.4723052
1215.1723432000001
1177.0607627999998
1301.9941919999999
1193.7263472
1358.1813435999998
1189.2484283999997
1112.236686
1293.48667
1146.5293576
1233.4387348
1285.097222
1162.5443088
1219.5026312
1218.3632800000003
1352.4706328
1251.6129976
1262.1369636000004
1214.3364708
1370.4537444000002
1258.5264484000002
1265.0988152
1254.0215968
1195.2576872
1112.555762
1285.907642
1306.1109944
1174.0529291999999
1134.3170588
1219.5448332
1318.6387584
1205.1375867999996
1217.1089760000002
1153.8909608000001
1145.1174036
1262.3588235999998
1122.9632964
1288.6088772
1096.8513512
1179.6854707999998
1276.6443864000003
1334.812508
1374.8840412000002
1220.4127316000001
1235.3011396
1220.8019299999999
1154.1261203999998
1175.8910308000002
1219.7169368
1125.2103036
1267.6023308000003
1334.6215200000004
1358.9314924
1218.2654067999997
1369.3426384
1310.9014215999998
1349.4324195999998
1376.1038580000002
1256.792626
1321.9681312
1317.0804844
1305.4536268000002
1185.0826888
1266.194812
1337.2307935999997
1201.4457828
1350.2060531999998
1144.7635124
1222.4429708
1174.8894604000002
1219.4791476
1201.92908
1237.1285676
1362.0304667999999
1329.9729772
1220.3325924
1286.7788223999999
1218.1327164
1161.0991836
1248.1478167999996
1245.8553232
