1626.9391168000002
1356.5256876000003
1208.995252
1350.5964008
1262.449308
1347.6485096000001
1310.3521104000001
1181.4495096
1236.2941720000001
1206.9515476000001
1190.7034072
1192.1074780000001
1398.9677203999997
1322.8414468000003
1362.7922783999998
1211.3634511999999
1179.4911996
1080.0941315999999
1270.5446404
1338.2707936
1317.7204443999997
1247.5996532
1335.595338
1192.8743792
1214.8793768
1257.1839584
1204.2164831999999
1373.2878331999996
1363.7102624000001
1353.6249255999999
1248.7500072
1297.9647524
1183.4863167999997
1172.9217916
1184.2346631999999
1161.3287604
1374.6311456
1342.9876499999998
1210.1444548000002
1317.8322784000002
1328.6015856
1365.4215868000001
1328.766954
1197.5061735999998
1165.7390199999998
1353.0963047999999
1324.1891883999997
1194.6011408
1186.0509215999998
1231.0642948
1308.5048108
1188.9293499999999
1183.5301632
1181.854804
1184.8306132
1113.3034512
1231.900168
1189.2173908
1333.393328
1073.8593979999998
1160.0140248
1172.5867844
1194.9361471999998
1131.8467156
1178.7055768
1285.8986096
1142.8112780000001
1216.1836031999999
1178.5989999999997
1193.3813236
1205.6419024000002
1137.410942
1213.2426067999997
1181.7813976
1348.928266
1363.2887124
1325.926954
1160.6061968000001
1184.6169627999998
1067.8897127999996
1190.7891276
1100.5649935999998
1212.5939443999998
1199.1805479999998
1198.5346748
1204.6294956000002
1304.7468284
1226.4614048
1138.5841208000002
1267.0030960000001
1208.7692872
1297.1428372
1215.7019492
1343.389986
1200.5670471999997
1191.7227128000002
1324.8491856000003
1209.6238799999999
1185.2038816
1129.1139495999998
1219.2462848
1273.5132228000004
1360.7732076
1123.5282100000002
1216.1138112
1116.1526479999998
1355.7331679999998
1132.4935708
1235.8520947999998
1222.9095155999998
1140.1701480000002
1196.4251187999998
1174.896028
1290.7038188000001
1289.1664007999998
1360.4074919999998
1327.4732391999999
1293.987538
1329.7925004
1173.104074
1330.7014531999998
1336.7243428
1069.1159363999998
1299.0692896
1202.2598159999998
1213.8758359999997
1210.8924712
1163.0579835999997
1367.8878256000003
1336.5576599999997
1117.2226976
1168.9780751999997
1177.5337108000003
1221.3674999999998
1363.229264
1158.2795444
1216.3637511999996
1194.6062315999998
1212.5926296
1091.3099496
1294.9298248
1124.6517952
1340.9700555999998
1120.6640688
1256.1554552
1195.22895
1266.1092528000001
1182.6642388000002
1299.4221956000001
1358.6299879999997
1183.9180484
1322.3399232000002
1364.6515628
1369.9257808
1230.332536
1217.8932852
1109.211118
1191.2067372
1191.5598083999998
1117.4077723999999
1222.1708575999999
1159.2935972
1367.7415068
1268.3539620000001
1354.7370152
1328.9055548
1213.1491672
1202.7509959999998
1322.9885860000004
1322.5363275999998
1318.8757260000002
1322.8632856000002
1342.5688912
1321.8019416000002
1333.0203851999997
1207.9022112
1321.6262264000002
1342.7413220000003
1350.7914948
1128.0061299999998
1224.128018
1165.7360644
1227.1944764000002
1251.5726008
1208.5065356000002
1382.3674939999996
1109.1965011999998
1117.1712972
1275.7732048
1217.8256280000003
1200.7828316
1098.9262560000002
1221.8540803999997
1204.9303415999998
1337.5786092
1179.2539048
1222.055738
1323.3631688
1334.332168
1218.4821736000001
1319.3532752
1229.3199628
1340.3775552
1212.997922
1277.5462751999999
1171.7087055999996
1175.1229804000002
1229.8420128
1332.2830444
1183.7007875999998
1117.1517552000003
1183.5736800000002
1106.4504352000001
1305.5564267999998
1197.7153868
1172.7214431999998
1338.0771796
1326.351788
1199.1876076
1179.6163352
1150.0544788
1231.5567868
1182.4888515999999
1136.0492392
1226.1958628
1123.326876
1294.784656
1321.5363991999998
1235.6565100000003
1213.4992828000002
1178.3741843999996
1293.8556691999997
1171.907902
1334.3651763999997
1192.0089456
1329.5445296
1170.0806412
1171.4559724
1229.7091608000003
1111.8320512
1190.5730184
1139.4498839999997
1268.3329404000003
1369.6963675999996
1352.5392731999998
1327.7282707999998
1333.7968132
1200.3235104000003
1332.3892924000002
1342.9355915999997
1160.1665828000002
1214.8670620000003
1149.2686915999998
1283.0423516
1108.7302844
1163.6197771999998
1218.8490416
1332.0938648
1180.7033020000001
1189.2850480000002
1228.0589236000003
1202.4067919999995
1239.5844612
1365.929024
1260.3679972
1199.9252804
1213.5413224000001
1158.0021784
1123.9991888000002
1222.8934223999997
1206.6648216
1126.6524732
1226.2728812
1260.1198623999999
1150.2457948
1366.3753692
1324.7935148000001
1222.988832
1247.6614000000002
1361.8775788000003
1305.4595375999997
1196.6505928000001
1331.1184039999998
1322.8263372
1335.5536256
1376.096798
1328.1785572
1121.3421276
1227.3508147999996
1322.5814879999996
1339.2633312
1167.3872855999998
1184.4148088
1233.0763032000002
1060.317746
1222.2027152
1326.9088180000003
1291.8950607999998
1299.4591456
1360.4030595999998
