1522.9128800000003
1440.4584344
1487.3443915999999
1392.0232336
1240.2889588
1211.7349164
1211.179854
1271.9976475999997
1238.7843864
1343.4341603999999
1336.0835611999996
1282.8781324000001
1320.0745236
1249.0859992000003
1353.8714188000001
1292.8976180000002
1234.1617896
1212.8658888
1410.6400675999996
1317.3488184000003
1207.1548512000002
1282.0900476000002
1359.5806504000002
1286.1257252
1228.7184275999998
1253.0866984000002
1242.5164236
1309.2882992
1367.6856735999995
1534.5564904000003
1258.300154
1229.5125896
1265.7740820000001
1502.3195091999996
1452.8971892
1296.9167095999999
1615.8592707999999
1383.1513092
1318.8744123999998
1379.907496
1480.9748368
1274.4292360000004
1255.8629832
1247.5270684
1210.7743987999997
1261.0227392000002
1303.3010447999998
1393.1972340000002
1264.087884
1319.2462040000005
1470.1979747999994
1354.3744204
1387.7950912000001
1374.6675984
1228.2180536
1754.2102028
1424.2352543999996
1361.6299388000002
1487.3388092
1315.9040211999998
1288.9333752
1541.5027836
1395.4363584000002
1316.4823999999999
1368.6133443999997
1378.238376
1440.4002992
1236.5510100000001
1255.5665671999998
1456.1411684
1245.7968591999997
1245.17874
1362.0247208
1367.9628744
1260.6029952000004
1272.5669963999999
1311.4019615999996
1232.0839304
1251.5353244
1300.4403507999998
1224.7725763999997
1388.0634252
1288.6302260000002
1402.3750976
1392.2733388000001
1230.4146452000002
1245.4219472
1343.531214
1243.5554364
1196.1999759999999
1184.8422712000001
1267.718106
1425.9675964000003
1373.7373011999996
1342.3064708
1417.5558171999999
1413.3455724000003
1400.0982024
1242.1837156
1363.6123872000003
1386.219904
1265.8596396
1362.7617340000004
1373.4876888000001
1473.2453839999998
1363.7987764
1421.0438239999996
1287.3685315999999
1398.5428867999997
1425.5102471999996
1323.2222696
1248.9587284000002
1282.6283556
1395.1801756
1250.4394903999998
1166.8381376
1246.4762323999998
1193.6624655999997
1510.3851167999999
1451.8908572
1381.2542540000002
1251.9207452000003
1319.1392964
1274.6289268
1341.5981939999997
1341.3303544
1196.9335424
1151.7700743999997
1313.3628968000003
1291.2782551999999
1226.3771584
1294.9447672000001
1318.2341219999998
1258.5494396000001
1338.0226564
1275.3915588000002
1266.8582572
1281.5050979999999
1261.7722347999998
1185.9243107999998
1164.0372215999998
1182.0434904
1411.8099616000002
1586.9449299999999
1317.1681772
1380.55107
1264.6424496000002
1333.011354
1485.4429019999998
1273.6171748
1271.1241675999997
1301.1235027999999
1259.5746576000001
1287.7646292
1338.4916671999997
1307.3253940000002
1243.6945304
1334.3893156
1331.2212048000001
1368.5212187999998
1330.580094
1323.8226544
1284.4589036000002
1280.0378056000002
1279.3605644
1438.794732
1432.1793400000001
1360.21043
1354.8683896
1274.8184351999998
1291.1467148000002
1300.6697656000003
1235.8786976000001
1339.4549744
1261.3667784
1300.9041075999999
1306.4588088
1296.9492247999997
1136.9046544
1270.5891431999999
1374.0140084000002
1206.2981203999998
1169.6881572000002
1419.2884904
1213.9719031999996
1307.6802684000002
1254.0915528000005
1271.0895196000001
1480.3678828000002
1236.684684
1182.1178800000002
1305.2220776
1392.3812315999999
1250.7354124000003
1425.8429568
1195.5787351999998
1436.7080036
1232.1093835999998
1276.2555156
1265.4349704
1270.4791168
1296.2619680000003
1338.6977615999997
1299.5869088000002
1337.8655004
1410.8366368
1410.2387148
1256.0790948
1371.2507
1357.6564988
1338.4509396000003
1277.2248972000002
1399.7761708000003
1425.860692
1242.1960340000003
1588.3462088
1606.3877847999997
1196.8532387999999
1439.2128328000001
1341.8331904
1505.4383544
1287.5761051999998
1256.8486231999998
1495.0758148
1513.9798692
1246.0627304000002
1341.1707336000002
1296.5544412
1349.5823504
1431.0119088000001
1178.5249364000001
1332.7464687999998
1330.4557811999998
1464.2658947999998
1289.9750148
1226.9084080000002
1316.6745356
1318.2633544
1599.9398951999997
1285.4644144000001
1274.9701736
1291.7062092
1360.4454276000001
1218.3066251999999
1238.3519984
1305.4174976000002
1263.6175608
1231.3475727999999
1248.5363592
1230.5946291999999
1290.070098
1314.9538499999999
1190.1736372
1331.8493415999997
1292.9371939999996
1453.9201084000003
1535.0412648000001
1208.361038
1279.8407411999997
1272.5863732
1328.5403319999998
1199.38533
1327.2425100000005
1343.7864112000002
1291.2306312
1435.8136667999997
1404.5915592
1286.6160804
1369.2720244000002
1220.23324
1322.0934284
1488.7105291999999
1288.8340211999996
1375.9307715999998
1272.7256300000001
1359.6801664
1339.80361
1424.5530175999997
1153.713276
1194.8932852
1341.4571300000002
1408.0406480000001
1303.1474991999996
1377.2688276
1457.8198155999999
1490.2852243999996
1228.29737
1282.7641648000003
1256.0068372
1398.4760491999998
1229.3278436
1403.2704195999997
1354.3617756
1234.2269847999999
1301.8468871999999
1431.8200295999998
1682.3035316
1351.9157360000004
1213.4611856
1326.7955076
