1689.2534364000003
1310.4494912
1510.1254867999999
1347.7700300000004
1423.2657060000004
1305.8172064
1323.552842
1358.9764896
1343.6417344
1279.6292260000002
1387.9964244
1220.9397091999997
1254.820356
1477.7390656000002
1295.1148999999998
1516.8939316
1353.8178815999997
1358.3251972
1322.0972063999998
1368.5391172
1558.894052
1264.9334468
1570.885804
1415.4692524000004
1397.6836948000002
1372.923434
1313.6182584000003
1288.2595832000004
1277.8548408000001
1207.493142
1364.0625100000002
1265.3016264000003
1439.5330596
1454.4740188000003
1378.6949031999998
1344.6784463999998
1479.3582656
1290.6005236
1350.0093195999998
1241.1903568000002
1273.80652
1411.5692184000002
1367.6129232
1279.8471451999999
1419.6220176000002
1501.0312103999997
1450.979442
1301.8260312000002
1336.9207496
1366.5323624
1461.9487691999998
1307.2807235999999
1417.0501864000003
1435.7218708
1279.0758100000003
1427.2521164
1306.7182752
1359.7519308
1312.5390132
1285.1461596000001
1417.5699384000002
1551.2733120000003
1343.9992384
1278.4585104
1283.1564828
1199.9868615999999
1478.7470435999996
1357.1764864
1452.8622132
1525.8167635999998
1315.760658
1190.2941739999997
1376.9265951999998
1376.1189680000002
1241.3522764
1416.8036935999999
1360.0107404
1283.0853772
1295.0910896
1425.1483091999999
1430.1702856000002
1251.4446732000001
1417.4679591999995
1287.7772728
1439.2100404
1365.5311200000003
1289.1705056
1370.9848284000004
1183.6682695999998
1267.9294548
1272.9749148
1225.3384752
1505.0829836000003
1252.4927204
1383.4258844000003
1266.1941528
1254.7682992000002
1405.715472
1457.0673643999999
1267.3308772
1251.1610671999997
1229.3066604
1306.5842724
1428.9916891999997
1184.4492959999998
1499.5389559999999
1502.5211692
1300.2914064000001
1366.9148292
1205.944558
1348.8405736
1326.7165196
1421.7680308000001
1308.9667587999998
1275.8375767999999
1367.597978
1264.7733332
1305.3629772000004
1319.0412587999997
1442.5599424
1329.7555532
1223.7094244
1319.783692
1531.4213888
1225.4350368
1396.7648880000002
1299.4223591999998
1386.2161255999997
1448.8189804
1381.0711504
1306.8723124000003
1225.9703895999999
1202.631606
1309.9880356
1318.4136124
1333.7900808
1566.6356572000002
1417.4356088
1239.25717
1215.121762
1459.0949740000003
1501.2647316
1254.4805883999998
1325.9900139999997
1243.4887628
1403.1073476
1330.1119072
1338.7721519999998
1222.2909000000002
1283.947196
1391.7680368
1324.680368
1326.7373739999998
1340.9263744
1471.2133384
1373.9658936
1240.2480692
1504.759308
1296.4435927999998
1288.3937500000002
1315.5854363999997
1305.6820544
1420.3923676
1297.7322199999999
1347.8950003999998
1314.7081791999997
1336.2781611999997
1237.1272532
1584.2601160000004
1323.3007664
1250.5815412
1275.9057288000001
1254.0132204
1306.712528
1309.1690772
1275.8776471999997
1261.0917100000004
1349.5220835999999
1455.9255500000002
1377.4877308000002
1248.8886076
1318.2722211999999
1319.5130564
1383.6262307999998
1410.603446
1347.1597936
1300.0089500000001
1349.7769500000004
1252.7835496000002
1353.5782867999997
1276.6591640000001
1475.5763068
1265.9750876
1408.3081595999997
1466.2127107999997
1392.7362732
1500.0982852000002
1399.2664339999997
1253.2801491999999
1339.8410524
1384.2226735999993
1193.6148412
1357.6275959999998
1231.004026
1484.4474075999997
1415.1708663999996
1272.4912916
1223.0737340000003
1559.6212119999996
1455.9337607999998
1421.9703456
1188.8973284000003
1471.1561895999998
1400.8557444
1350.0728724
1470.7958940000003
1268.4418164
1334.1218028000003
1271.1492935999997
1363.1995419999998
1379.8133968
1337.9210052000003
1306.3512455999999
1244.054826
1369.8545091999997
1345.9233908
1463.2817332000004
1513.9636107999997
1190.1059788000002
1395.1982400000002
1367.9239536000002
1340.4039956
1471.6286484000004
1307.1023836
1503.5550919999996
1432.8314540000001
1256.1620263999998
1236.6214599999998
1241.3176283999999
1449.0602164
1399.2106008000003
1213.8142535999998
1521.8113012000001
1358.7557792
1278.5887376
1370.9938607999998
1382.0883219999998
1342.722438
1244.1554928000003
1343.4482828000002
1424.7218336000003
1467.6194108
1256.4745332
1253.3105291999998
1186.5570452000002
1417.5351256000004
1441.1397768000002
1281.7248232000002
1401.3935592
1356.5471991999998
1334.0513531999998
1275.1729831999999
1279.7440152
1250.3274944
1234.6189751999998
1227.429146
1323.8650212
1320.9716500000002
1275.2821900000001
1358.728848
1448.1630888000002
1291.564982
1445.0444096
1434.2489895999997
1254.952226
1280.7015759999997
1257.8050352
1326.3143455999996
1348.5705984
1392.74087
1267.8204144000001
1549.4659183999997
1388.7221075999998
1295.6525528
1291.0120564
1442.5533728
1366.6942828
1216.8918800000001
1391.6141623999997
1325.7463132000003
1397.7327939999998
1373.5972204
1387.5571372
1291.8144292
1388.9520112000005
1422.2148692
1371.0201356000002
1413.2917096
1439.7690435999996
1315.3333588
