1171.5998
1143.955595
1188.8523766666665
1154.2870200000002
1171.6145840000001
1126.5155366666668
1211.3636685714284
1170.8094999999998
1193.4103666666667
1216.3827339999998
1178.5992681818182
1206.5794758333334
1170.4231107692306
1206.0570514285714
1119.6603513333334
1159.1481575
1223.9641676470587
1132.3605916666666
1209.947745263158
1223.3378159999997
1233.061105714286
1268.185573181818
1294.4782660869564
1180.49773625
1277.3464848
1307.1974726923077
1166.038712222222
1288.0700657142859
1156.3706179310345
1174.849287
1231.8363864516127
1222.4657375
1225.0897845454547
1200.630219117647
1205.1422374285714
1186.875933888889
1201.2231351351352
1143.4698486842105
1233.5320461538456
1154.8069769999997
1235.8260497560982
1278.6872959523812
1358.6820793023255
1301.7869227272722
1168.7232359999998
1255.0265284782608
1367.6895865957445
1236.577920625
1261.147745918368
1293.8683913999998
1322.681912352941
1213.6757880769228
1267.8428960377364
1284.8716725925929
1244.474664545455
1309.976657857143
1271.794199122807
1278.1036732758623
1332.3774259322036
1226.664482166667
1315.5506655737702
1344.869770483871
1264.1519947619047
1256.0474282812502
1269.456254461539
1280.786082424242
1420.7135067164184
1327.2548277941178
1357.6401579710146
1320.3702977142857
1397.454566197183
1371.6397369444446
1379.4685302739729
1344.2810031081078
1350.6538922666664
1337.6499372368414
1357.6975015584414
1495.8906089743589
1482.216685443038
1434.1621979999998
1383.8856329629632
1327.3463396341463
1333.2533113253014
1430.0104948809526
1406.3452374117649
1382.2148034883721
1374.264669655173
1331.3885143181817
1442.8485094382022
1442.163624888889
1320.5790404395602
1450.5830008695652
1485.2730274193548
1488.9748263829788
1452.4648276842108
1511.8815512500003
1402.9973027835051
1480.0017137755103
1451.8809677777776
1587.1311031999999
1482.696164554456
1533.9241559803922
1535.9150338834947
1662.5771803846148
1465.0651484761909
1605.010339716981
1519.96632
1596.173957962962
1551.2360513761473
1725.131275
1566.7346444144143
1550.2738599107147
1597.143361858408
1554.4919205263154
1689.0771678260874
1584.0852579310344
1586.8606626495723
1725.1964343220338
1609.628480420168
1579.65253525
1587.7804471900834
1647.81708704918
1554.708172439025
1644.1032100000007
1662.4008816799997
1553.2240303174603
1793.71610456693
1608.519610859375
1714.4251437984494
1760.5257738461532
1738.6817680152674
1887.7093671969687
1684.9900172932328
1876.4437024626861
1817.528746444443
1803.5394448529416
1740.2344340145992
1693.0682003623185
1658.6390756834528
1635.849185714286
2012.399133191489
1548.5375338028173
1699.8364318181814
2158.470874305556
1717.8313559310348
1715.956994041096
1744.0291399319728
1837.3011742567571
1936.7578195302017
1967.7039562666664
1996.7659081456954
1975.9965916447377
2192.0748640522866
1844.47636961039
1630.058838580645
2336.264910192308
1756.8403298089174
2099.1194029113904
2264.427895157233
1957.5773873125017
1801.3559654658386
1932.2584585185177
2193.898309999999
2081.674546707318
1986.2647493939373
1679.4746097590362
2056.9023987425153
2738.5954463690487
2347.3349402366844
1981.0755980588226
2216.959339590643
2538.4482470930234
2279.3351560115593
2116.841154712643
2133.5135519999994
2148.999233068182
2118.822597909603
2092.8801535955063
2127.934119273743
2479.5143208888894
2137.3240093922664
2120.0290348901112
2063.804185081967
1977.0485764130435
2125.3921561081092
2124.327534354838
2524.3103591443855
2485.9792587765946
2139.0255404232803
1841.7664530526322
2429.69428513089
2265.933680625002
2252.4216965284973
2016.9747915979374
2603.215673076923
2473.276209591837
2160.657414720813
2417.81182070707
2289.843170653266
2089.770737750001
2351.9153485572137
1911.0357724752469
2351.6662312315293
2226.1930411764697
2361.1648461463415
2134.0257800000004
2309.6336268115942
2183.498504615383
1644.1553280382775
3019.173582904762
2345.2886151658768
2753.5614294811326
2329.761100422535
2307.7731057476635
1926.7292901860455
2579.084915879631
2125.1344709216596
2203.9449062385324
2409.517159041096
2502.8625049090892
2852.5471328959297
2067.686038153153
3000.6302027802694
2838.0307187500007
3062.832427111109
2442.0717358407087
2642.8152629074893
2488.924924210527
2527.4505655021844
2406.85615352174
2589.2495160606068
2533.1937701724137
2963.584867167382
2718.924273803419
3024.596107574467
2190.6374606355935
2980.3488567088634
3372.1154574369757
2630.787038451883
2856.532463583332
2026.3204632780091
2510.222784710743
3053.4723570781866
2169.121262868853
2742.7562926122428
2456.0970397154447
3412.4548539271245
3222.689651290324
2590.264299317269
2530.0685281999995
2108.656922988049
2752.501495198413
2613.272802332016
2590.9946112992106
2840.9024596862732
3255.0748889062493
2809.6109456809327
2835.1018188372104
2479.7254069498063
3209.6665705384603
2851.143143256704
3362.6777774809148
2757.5530600380216
2898.2174572727295
2820.755522528303
2784.1051526315796
2434.2282677902617
3207.7569618283565
2065.4208804089217
3344.163681962961
2609.9515474169734
2677.3348114338237
2834.6939123809534
3262.7956015693417
3310.057979127272
2743.4857453623176
2435.1894961371863
3180.383066079137
2465.195361182796
3321.3797748571415
3408.272197188611
3159.712231418442
3183.239953568903
3362.538176232393
3297.0971470175436
3318.830701468533
3232.5108173519175
3444.5671749305557
3257.8900391695483
2977.5912440344837
3527.262831168385
2632.3389746232865
3551.7045341979488
3657.4225120068018
3701.2209150847443
3654.0285261486497
3284.79591107744
2918.9981350671146
2926.9395045484944
3464.7675153666655
3040.4937200332215
3465.3266246688754
3086.419036435643
3332.5161143421037
3079.930103278691
3735.880454379086
3334.150255537459
3554.055869415584
3045.839504789645
3367.411023451612
2812.682500546622
3632.3701268910254
2775.679390798721
3322.078985445858
3167.005726761903
3365.511926550634
2787.2422217034696
3894.6480434905698
3536.10705940439
3591.218307593749
4380.663851028037
3285.789464565218
3246.451869380803
3184.5646451234575
2715.301937076925
3720.9082042024547
4111.494374220183
3814.576498780488
3664.960653525838
3173.4606675757564
3654.966952114802
3612.479487259037
4130.687890390388
3737.189752095807
3568.080067761193
3218.1995389880954
3072.606302017803
3552.053329378698
3677.787154631268
3296.4878584117637
4100.997807302053
2417.376243859651
3395.52430702624
2369.406333691862
2321.176915565218
3066.9958084682075
3260.3389651585017
3744.0358546551693
3683.4564037535815
2961.1298476571455
4113.793686210828
3874.973888380679
3440.9314951841375
3620.602597514126
4514.24411205634
3543.9624574157315
4516.539154313724
3575.219855530723
3081.451536044567
3941.2220121666633
2567.120187285321
3890.1257782596717
3691.965186363633
2761.0960123626373
3309.946514054795
3379.743356420766
4016.887387520435
4533.922329483698
3536.516974796748
3123.766032945945
3840.86038754717
4558.478051290321
4366.635406434316
4281.237333449198
4317.816566160003
4055.4291059574475
3802.3150443501336
3719.9091848412686
4206.924235461741
3719.7366779473673
4147.733511181099
4597.0355804712035
3917.153684543079
4436.793732317708
4538.199617142859
3450.5605332124364
3567.0855822739018
3385.6178747680406
4893.1134207197965
5232.16491302564
3857.0798225831204
3704.4760158928584
3853.876242086515
3723.1296897461934
4316.528794531647
4929.169968207067
3672.487135642318
4255.962605502509
3943.803336365911
4087.9900803750024
4745.4419944139645
4451.056679079604
3967.2726096029755
3737.9402499752487
3464.826047876545
5131.458863325122
3294.7148486240785
3897.483428088236
4097.628193594131
3492.86303319512
4348.175740754258
3514.597997427185
4023.239477239712
5201.122052391306
3573.2922277590337
3360.825584711541
3262.6255917505973
3381.299969569374
3576.396916563248
3724.054075285714
3970.1796778859875
4127.175552109007
3607.5161616075675
3347.745359481133
5163.36807729412
4459.285445892018
3552.32390421546
4109.043098504673
3377.533418018648
4007.6032242093033
4678.378265382831
3741.237634143516
3875.896098314087
3918.7554847235015
4216.965412505745
4194.586021697246
4068.84226446224
3764.955859406391
3758.83752020501
4036.3524564090935
4402.386362108848
4348.378314819005
4117.474175191871
3722.2025527702726
4980.068419213489
5404.4289924439445
3650.1449344966427
4273.861890602678
4344.010558975501
3502.79239782222
4816.702148536586
4963.119913584072
3161.328376666664
4377.959201762114
5111.105502021975
3924.080332478076
3932.3312544201326
3608.1932061135362
3968.675432832244
4683.175387043479
4427.915237049889
5880.1435008008675
3646.150296112313
4458.588364719828
3857.79459847312
4770.462458798282
4848.281545588864
4150.854642094018
4222.2202065458405
4941.150406574469
4745.521400360935
3275.9700595762697
4882.724593086677
4534.591701202535
4132.006435684208
3795.9819963025234
4734.410782410904
5459.027992552301
4366.434198935282
4546.399047229165
5302.007176465696
4740.508778257266
5118.946877929608
4657.899490061983
4627.272877773196
4107.164173580245
4366.523360492814
4240.816450471313
4159.414173905931
5336.245773795916
4375.155065213853
4019.899330426831
4159.105648397564
4815.937945870444
4363.441390545453
4773.723946451611
3854.2786775452687
4243.945176586347
5245.823072985974
4296.4606455600015
