1144.38461
1179.880545
1204.844573333333
1155.190225
1039.7902580000002
1159.1609016666666
1179.254755714286
1203.0426075
1117.1270000000002
1319.781981
1221.3115018181818
1266.1167258333332
1190.1423384615384
1149.0428607142856
1162.671766
1273.2949749999998
1206.2514605882352
1255.3357500000002
1266.0365221052627
1317.4086065000001
1341.3134766666667
1384.26768
1361.2621991304345
1429.2545991666666
1924.6500904
1399.3577953846152
1520.174818888889
1400.020932857143
1717.8912403448276
1342.4134113333328
1398.147968709678
1409.01259875
1626.3150772727274
1623.1748385294118
1326.2132677142856
1524.2985024999998
1529.5387118918918
1656.6408813157893
1834.759323333333
1531.4332582499999
2117.0748773170735
1719.3194764285715
2124.666058139535
1853.0637040909094
1828.6891291111106
1911.8012506521738
2014.422198723404
1797.8550533333337
1974.2111175510206
2083.042666
2163.133656274509
1963.5567440384616
1800.1084550943397
1814.560077777778
1816.047494
1812.4250887499998
1867.2306242105262
1891.9354722413796
1840.5175094915257
1988.099871666667
1733.607573770492
2035.4285370967748
2062.8546069841273
1929.4702818749997
1876.223416
2013.1542260606057
1624.3988441791043
2032.8603873529407
1928.6868000000002
1993.5529968571425
2056.4259667605647
1875.0310768055554
1929.604147534247
2283.1597071621627
2109.884285466666
2460.2494447368417
2272.2551964935074
2093.2606344871797
2569.7027475949376
2075.7423111249996
2406.2775402469138
2102.101360609756
2146.116303253013
2402.031011547618
2144.7936158823522
2149.544278720931
2107.1025452873564
2193.9242750000008
2221.136931797753
2034.3252792222215
2356.588735714286
2373.377346630434
2207.588633440859
2024.1281093617026
2460.4057228421048
2039.869273645834
2464.589478247423
2403.056255714286
2252.492425151515
2640.653763199999
2261.9634056435643
2318.301838921568
2514.466895436893
2508.7470297115387
2401.0615420000013
2162.2089890566035
2333.9050076635526
2257.7064470370365
2432.117221100917
3097.7901274545466
2379.5808090090104
2587.4467189285715
2507.264691946903
2327.749484385964
2595.804105217391
2546.770308965518
2890.024646581196
2404.2695533050846
2281.9242640336147
2461.0643295
2530.6255850413227
2347.9762283606556
2319.1325504065035
2608.8011017741933
2669.69335376
2679.431720793651
2611.1922851181102
2442.3863032031236
2768.875358914729
2572.9573142307695
2938.329390687024
2681.0293150757575
2451.8230275187975
3112.9918705223877
2863.3222139999984
4953.275593529413
5235.218160729926
5021.607767101452
5156.025932589932
2940.673106428572
2927.5611836879434
2646.905965000001
2978.1048495104906
3093.663768472221
3308.9755524827597
3236.1019173287673
3519.7751663945587
3071.9413461486465
2742.017394832216
3004.526696066667
3244.4904288079465
2752.0064803947353
3014.1012908496723
2822.192339415585
2663.507703483873
2960.8869173717953
2910.9047898726126
3138.9406717088596
2872.1593070440263
2640.6193803124997
3051.187755714285
3220.3105814197525
3068.153880122699
3353.8823354878064
2786.7805859393925
2800.9145428313263
2935.0910157485037
3115.0717414285705
3251.694926923078
3121.3737427058813
3094.4215552046785
3094.685772674419
3036.095574797689
3388.8331909195404
6448.089769714283
6723.382538011364
5766.428340056496
4820.533676741573
3202.80346206704
3563.8472683888895
3245.8431302762433
3185.9817379670317
3071.024288633881
3131.4244655978255
3271.007835135135
3674.021306774193
3235.2303182887704
3136.747619308512
3269.153383544974
3354.6386067368403
3973.51053643979
3265.1720425
3439.960144455958
3793.1691075257704
3444.3969893333347
3596.904800816328
3511.8590825380716
3568.59558338384
3304.129153165827
3301.736697950001
3293.3037512437822
3313.768084009901
3606.608160492611
3424.9697594607833
3445.635525951221
3268.8930476699024
3631.5937601932374
4877.926121634613
4568.232523588517
5850.176941666666
4909.7820597630325
3419.904546084906
3698.279742065727
3657.4044931775697
3754.205581162791
3601.4814356018524
3601.862530184333
3889.6969266513747
3699.1710100456617
3998.8571852272717
3876.743031447963
3801.1220723873853
3924.5487896860986
3751.4150325446453
3712.618732711111
3881.3670299999994
4149.986991057269
3906.0092038157895
4493.187447248908
3434.382664086959
3898.03377134199
4044.286132715518
3449.2096127897
3718.8065691452975
3726.2282102127647
4401.447101694918
8254.615587257384
8878.297235714288
4121.03070962343
3983.761531333333
3731.9945382987544
4591.130104462811
3516.4445104938254
3765.502171106557
4142.359190571428
3883.969028617884
4326.027809311742
4034.770995927419
4649.990783012047
8986.704075520001
9147.383252310761
4351.798578293651
3921.2283504743095
3594.5372668897653
4366.409966705883
4087.793059374999
4246.4819803112805
3853.837190077517
4126.365933474903
4337.900294615386
4689.010443256702
4004.418045190839
4755.480026121673
3984.8988483333305
4024.06314656604
3910.1294977819575
4597.520400449438
4323.8276954104485
4579.929521189592
4203.324889962962
4369.023462435424
4996.209031985295
4327.967077948718
4782.047262408759
4365.6299076000005
4451.321664746377
4309.312003249097
4435.550233920862
4782.434686630827
4484.802178357142
4949.197367651243
4680.5681351773055
4629.077002650177
5369.642503133804
4797.303904385968
4928.416787657343
4926.057485296169
4555.533125868057
4511.607688304499
5039.313910793106
4643.9711716151205
4883.011395034246
4956.678331808871
5056.624730068031
4975.638753898305
5191.666396655404
4678.665666734008
4729.803770939595
4745.086800200668
5307.8384596999995
4591.234673953485
4518.798386092714
4593.9708822772245
4866.932426414474
4824.134122163936
4181.386067156856
4706.928571758958
5118.518186006493
5070.250170776698
4835.434594677418
4831.668902700967
4444.381257115383
5104.416751214058
4396.333817388536
4618.67731838095
5213.360330949368
5363.750693501577
5511.210620408807
5668.038356018809
11167.017530875
12809.72422741434
4591.276100465839
5731.801070866876
4761.456848827163
5261.362646246157
5359.537161993867
5279.8985631192645
5678.613705274392
5094.108433039516
5091.532762363637
5403.3774252567955
5015.261384487955
5324.186851171172
4812.690230479044
4887.54879647761
5198.4897129166675
5411.065830741841
5261.766370118345
5575.2273429793495
5368.7614659117635
5589.192487067448
5478.292841140353
4970.456286326528
5091.25450752907
5516.459561188405
5656.693106445091
5551.505862276655
5285.533679770117
6809.598281862466
6786.839315085712
5821.711377977208
5319.752367613634
5555.995523257791
5154.263160564972
5299.892091915494
5774.387332752814
5865.421975490196
5793.363579664803
5999.742066573815
5533.313930388889
6440.08046457064
5283.162485607737
5452.269935674932
5443.197111538458
5283.42468753425
5775.347274153008
5497.020139264307
6052.478958505431
5472.648945636859
5631.00342972973
5460.593611967657
5340.5193616397855
5793.4737869168885
5793.847735374336
5960.246645813336
6381.21338039894
5885.475539549072
12142.780616243399
12627.551202110808
5811.250320631573
5210.165826692915
6300.609678900522
5636.329488485644
5797.130071901043
5902.696189428572
6409.585359015542
6478.210648682177
6043.792254793815
6123.542882210795
5631.040274128202
6338.201106982097
6016.025034974489
6145.104628625949
6238.190081345178
11260.76982870886
6979.853022070707
6410.869106725438
6425.6505529899505
6106.16554754386
5763.226361225003
6864.555824039906
6241.017885746273
6077.38851548387
5737.331210272275
6190.608445901229
7880.308220147784
9791.699356560192
7233.596369068636
13687.590116234716
13275.255758195122
6094.892878053524
5748.985352111649
6144.996608014526
6599.84624036232
5675.924868024095
6079.3506205769245
7407.607948848918
20641.50072232058
5289.78114026253
6415.963867904764
6459.667566057006
6149.736508720377
5976.935875106384
6440.834628915093
6093.957823364707
6635.1303096478905
6076.54542526932
6989.9741798831765
7216.997216107224
6164.773317279065
6104.700268422272
5824.7444237962945
6456.875010531174
6392.547743387098
6643.354762413798
7015.790423646796
9189.09604881007
16275.723628630134
6756.725011480636
6462.87985706818
6492.070766643992
5820.890893597282
6637.301449255081
15551.000244887391
10396.75918829214
5391.530990605378
6736.314435346756
6582.246489508924
7122.105165389754
12029.576167133328
13016.950497893562
6988.348892477881
7969.907915849889
7360.8978134801755
5349.514470197799
6958.91201960526
6567.519752538291
6850.4714343668165
7263.358486993465
6835.024199608699
7311.827389978312
7129.855229134196
7108.1347672354195
6688.214886918102
7200.650796344094
7189.370711115877
7019.183345952887
6590.380597927357
7236.776552366736
7253.882162872345
7706.836144734606
6807.419356588982
7481.878374101477
7491.154876561179
6501.077129852632
7122.321429852932
7587.387204004198
9448.648585062767
17850.343372150313
6797.4003466875
7976.438855738044
7066.239806825729
7197.7790766666685
7346.95252247934
17049.511718742262
7138.686129465016
5130.7785940451695
7125.274037069674
7104.949030388543
18569.572821367346
7388.426947678208
8703.13913676829
7820.61127401624
7183.940248056684
7957.841395858587
18109.643571572586
6722.290617605633
7628.344596084334
7739.3890289378705
7028.258334859999
