111.43079
105.70571000000001
146.13983999999996
138.6685625
130.20266
135.96579333333332
142.08871714285712
239.07820625
208.78938333333338
308.93860299999994
303.49683636363636
368.03253083333334
301.68764076923077
184.46718285714286
193.05282533333335
190.25153874999998
152.34039588235294
163.28498722222224
193.5059284210526
198.4764985
167.04745904761901
211.18840954545456
210.41556826086958
237.6190508333333
200.9843284
199.13351769230772
228.01592925925925
210.50175642857144
234.1285606896551
266.17967533333336
282.93248612903216
356.2558909375
309.6305366666666
309.25730911764697
429.21516714285707
293.9085297222222
374.62655189189184
412.65248447368424
359.45945743589743
410.11196874999985
428.5593743902439
409.5572561904762
376.78489279069777
381.5330418181817
413.35213422222233
397.01795543478255
397.9594604255319
465.8920766666667
448.6245602040816
364.8207634
470.5424460784314
431.71512576923084
474.58635283018873
577.0804062962962
409.30812599999996
552.6788392857143
409.7788692982455
484.4835851724138
492.2614301694914
582.638961
557.4917472131146
535.9481183870968
630.6904979365082
554.053421875
564.2714583076922
589.7320772727271
696.4852429850748
587.7394980882351
617.2948130434785
723.4676667142854
656.683263380282
681.77506375
798.3037373972603
671.1117754054053
590.7291277333335
717.1405161842104
656.1790671428571
711.8313402564105
706.3324522784811
808.5230260000001
1105.5613722222217
734.1761593902437
746.0806719277107
864.8500841666666
783.2196889411764
742.46772372093
943.6392236781604
673.2212248863636
791.7761060674153
790.4169824444443
771.388309120879
844.1587117391304
720.030710860215
844.0518545744678
825.670443263158
906.7700954166665
711.4302390721651
973.9755808163264
827.9281655555552
943.3049562999996
1019.1020741584163
823.9700346078434
967.4406530097086
1011.3431973076924
765.2707032380953
1284.259914433962
883.0103439252334
836.3980324999998
1543.0400929357795
1059.6317942727276
1149.9240454954952
839.3672075892857
1110.0794136283187
883.3478093859649
1005.5455679130442
1225.9072348275868
1124.749953846154
1088.9363875423728
959.3241380672265
1001.9946106666667
1172.176471157025
894.5691785245899
1102.5077382926834
1064.4802592741937
1156.5588568000005
1304.296106984127
989.6889102362203
1086.8284910937502
1255.9750406201554
1245.4697661538457
1126.5219140458019
1230.7568939393943
1091.5573117293231
1152.519611268657
615.2769511111109
1282.1338212499995
880.4960358394161
1335.7808266666668
981.3478896402881
1269.9181794285716
848.7259223404255
1370.2866750704227
1369.8871922377623
734.1748899999999
934.1854200000004
1492.8586449999993
1331.6432963265304
1644.5657323648643
814.8532697315435
1475.9557404000002
1440.362468543046
1284.6166317763152
839.8029975163397
1429.4243010389612
1368.2337601935478
1382.8354717948719
1431.1201103184712
1193.0269011392402
1695.058683144653
1235.9090106874996
1568.7402348447206
1343.7176698148146
1725.3316064417183
1176.3894672560984
1360.4742777575766
1485.3783325903607
1581.5136418562872
1448.1800544642856
1475.0665247928982
2253.5984964117647
1771.950985555555
1118.7796763372098
1627.4559431213877
1221.7397539080462
1569.9141441142851
957.816034431818
1680.044552655368
1716.6710708426972
1217.271466424582
1367.1759458888887
1716.660232928177
1865.647740769233
1448.0672404918037
1584.1161266847826
933.7067495675676
1782.136935
1247.2794205882362
2398.3483625
1839.1100441798933
979.1676552105262
1459.979924345549
1517.7889661979164
1026.0023616580315
1831.7612583505154
1388.5811467179487
1978.438458367347
1867.297978680204
2011.4533780303027
1035.195185276382
1782.126282700001
1659.2197642288554
1842.2602117821789
1285.8832737931032
1757.7522546078442
1147.1122715121949
1644.6502823300966
2296.1044417874405
1321.6913568269226
1860.893505885167
1203.1024604761908
2053.2073513744062
2182.5687728301905
1910.712111267605
1864.4890545794387
1992.1221672093025
1787.5475949537033
2208.8540657603694
2232.2743763302756
1231.3046344292234
1693.4823201363643
1701.6393100904972
1253.6027019819817
1960.839309461884
1230.9169292857148
2033.3702822666664
2261.8420203982314
1339.4987030837005
1830.4778928508765
1552.9258739737995
1699.9095507391314
1331.3243415151514
1465.6688958620691
2332.093332575108
1444.3782198290603
2567.152600808511
1089.0967100847454
2116.6968708860763
2305.149312100841
1764.6850096234311
1313.026612833333
2142.4753606224067
2165.778659586776
1662.562104279835
2239.341030778689
1779.1120291428565
1680.1547191463405
2570.7132919028336
1887.4257815322578
1978.4123991164652
1899.5350142000011
2767.462279322707
1704.4743077380947
1817.4650314229243
1920.1946722047237
1156.2692223137255
1523.609545078125
2422.5796793774316
1519.3053196124029
2611.224042664091
1971.9870206538465
2045.9268995402306
2576.3062464122136
1805.19978676806
2511.910479696969
2362.690311433964
1509.2622620676693
2135.6615197003744
1479.970271791044
1038.3605046096648
2745.605028518518
2717.508390811807
2103.0528179411795
2366.2965588644693
1323.8793935036492
1692.651468763637
1945.4866699637669
2318.5889650180497
1767.8888995323741
2599.7219477060944
2153.3950017142856
2786.7154745195744
1365.9052045744688
2899.9550421201407
2494.319758309862
932.1972521052625
2714.0508452097915
1505.314936097562
1600.4210143055564
2524.8302084429065
2193.8102098965505
1154.197572920962
2113.3315861643846
2818.1509358361764
1447.39370292517
2153.465200067796
2755.5885104729728
1596.0773164983175
2261.2163276174483
1330.9618465217393
2210.045097400002
2064.0878982392023
2390.4035000662257
1690.4727415841583
1374.321265263158
2790.7547295081977
1613.6051112418309
2829.414292801303
2186.0382710064937
2441.4271413268616
1439.0265643870955
2777.2389087138263
2824.4395618269236
2550.1614886261987
2593.5068895859877
1373.3612935238098
2904.6717168670907
1335.9392322082024
2401.5215040251583
2329.3019864890284
2418.813547437499
2380.654609003116
2294.36801121118
2680.07231733746
2412.425285462964
3120.279945323075
1722.0982803067477
2915.5690174923575
2924.782839237805
1985.6356110638305
2829.8866504848506
3212.6749366767376
2853.69128376506
2427.2921679879864
1472.6695334131741
3092.5209997611955
1704.9090526785712
2475.604332195848
1953.1223282544365
2450.831891769914
3042.5966293529405
1575.8580840175948
3399.600314444445
3017.2885748396484
2693.1026314244186
1649.1757624347829
3348.3805264739885
1918.0672357348717
2810.013185229886
2599.0367509455587
2797.8111016571424
1662.7702439886039
1347.6843319602278
2694.588724985837
2843.6086451412452
1661.621096140845
2110.8160950842694
2352.701598403361
2602.4774156703897
2019.481178885795
2390.0384786944433
2067.123276481994
2424.765953674032
2572.988257796143
2976.2190452747245
2042.957244767123
3110.0956073224033
2744.8586920708444
2453.878496249998
1914.5871412737129
3155.345964783781
1954.5114149595686
1582.719655483871
2889.752832171582
2913.70537919786
2828.2156896799984
3455.4323197340414
1494.7788752519916
3163.748962566137
2311.2469937203164
2127.230655736842
2975.3637195800516
1306.402041884817
2898.8621079634454
2924.957340937504
3332.4125551688303
2348.7438408549233
2860.3424145219624
3516.538453659796
2977.849577969149
3586.007555051281
2481.0899844245528
2830.851492244897
2159.9473543257004
2178.3543857360396
2657.9722383544313
2910.474004191918
3190.0958591687618
3032.2001880653243
2055.3401140601486
3325.8080598499987
2909.4210520698266
3676.0322470149213
1856.147031464021
3305.441054232673
2876.1610459506182
2786.9408399014783
2414.803454078625
3107.9761163725498
3132.7281617603912
3172.3719342439026
3058.151883698296
3985.38076783981
2778.175176828086
3097.3306137922696
1591.495318240965
3708.5318345673104
2212.7692832613907
1700.1076725358853
2569.1138419570425
2813.8477247857145
3543.9166393586693
1907.285281800948
3659.4184448463348
3257.673000306608
3946.8180882823467
3857.642083732396
3212.070796393448
2124.9466920560735
1113.0049882517471
2367.8222415116284
2395.0709286542938
3068.150714212961
3183.358972655888
3157.473012488481
2759.597188551723
1740.7487971559642
2528.0854952631603
3113.2819023972565
2247.1094063553533
3206.8447630909072
3995.9257416553282
3131.1659443665117
2359.3653932054135
2664.6146985810815
4194.616027123595
3727.1123380493264
3202.8140878747217
3823.0369149553558
3471.001480846322
3406.875392311111
2335.2134694900224
2207.450513252213
2528.7877328697564
3105.103518568285
3358.6021055384635
2438.569361052631
3579.6817326914643
3213.9507758515315
2342.502358779956
2154.6256579565197
3788.1337094793957
1672.8017652597414
2932.5617651403877
3708.2255398706884
3116.679697462366
2374.750869270389
3086.944666167024
3838.4110000854716
3600.683544477617
3584.8533374468116
3725.3270174522277
2627.6398916949174
2635.7754216490507
3091.072388164557
3002.4340708210525
3147.014201638655
2976.6861356184495
3867.9807747280324
2995.902870354902
3573.8988587499975
4925.303595945948
4517.229826680502
2614.4877545341615
2069.649218326447
3257.599821422682
3483.6799770370408
4031.468524969203
4423.669837315572
3564.0189670347618
3659.3717076938747
3908.686989531567
2322.0544383943106
2042.9084198985806
3947.6273814372466
3499.3985189292957
3797.566400887095
2527.814994869212
3444.6619736345388
3108.785611603206
3461.668251260002
