1151.97564
1193.436825
1104.9843733333332
1276.1867674999999
1195.0502760000002
1324.081235
1156.3426871428571
1182.9534924999998
1156.6440177777777
1185.730849
1221.8004281818182
1265.1933358333333
1211.1181553846154
1196.530005
1246.4182453333333
1216.722563125
1260.8996735294118
1223.6360105555557
1267.320242105263
2018.7355385000003
1233.0384271428572
1342.4125522727272
1368.0339104347822
1334.6459908333334
1286.3108695999997
1291.850576153846
1273.226722222222
1352.9699939285713
1298.3093320689654
1346.7204630000003
1296.5558819354837
1390.2594334375
1320.6006645454543
1325.6708991176472
1364.0753614285718
1349.9776569444446
1349.2553416216213
1304.1697926315785
1343.7791961538462
1351.6536035
1381.375436585366
1399.0619619047618
1386.9451220930234
1469.6183499999997
1315.4576408888888
1392.0775339130432
1496.1159936170213
1338.1991074999999
1408.692385714286
1374.40253
1428.0732292156863
1551.3632286538461
1465.7428807547165
1389.7746835185183
1440.3983625454543
1437.3514250000003
1372.8876940350879
1507.9152553448278
1454.100292711864
1317.3902021666665
1553.1504291803283
1431.0899675806452
1432.1518588888891
1451.1789035937502
1457.5984686153845
1401.9596625757574
1466.0377611940298
1452.126399117647
1453.9239497101448
1414.3116488571427
1450.394197746479
1475.0163280555553
1475.1830584931508
1555.1283575675675
1596.7400331999997
1535.919671973684
1474.8270110389606
1583.2698460256418
1576.089140632912
1611.5366600000002
2266.324092839506
1668.4932020731706
1604.7307357831332
1675.035040714285
1528.063622941176
1677.074092209303
1622.7456393103448
1676.2959643181814
1738.1088891011234
1690.696100222222
1702.2230093406588
1676.466880652174
1662.928654408602
1624.1244723404259
1703.4975705263153
1691.1511182291677
1686.5532464948453
1669.768687653061
1734.0604366666662
1796.6500147000008
