3689.888306
1167.640758
1128.28612
1112.8688459999998
1189.9581
1211.7027269999999
1151.7624380000002
1166.550344
1114.938823
1172.779576
1131.311855
1124.6696100000004
1117.1816430000001
1084.810824
1147.2809029999999
1106.025436
1091.472364
1040.0718630000001
1051.4395
1092.200673
1178.684887
1044.520961
1093.987371
1073.909976
1158.8751669999997
1088.9056200000002
1090.384824
1229.266343
1101.1670199999999
1140.956016
1060.048263
1157.0798439999999
1078.6669860000002
1089.1605700000002
1046.2042059999999
1043.455181
1090.9402919999998
1147.075221
1070.560731
1119.203587
1138.729206
1102.4976060000001
1086.6701930000002
1036.580981
1180.3927630000003
1187.3203330000001
1087.4572079999998
1089.8954509999999
1044.181029
1038.568435
1147.7809519999998
1082.701023
1194.747951
1051.462082
1143.602403
1058.0772270000002
1124.912653
1066.0463569999997
1043.415359
1044.167067
1099.425071
1120.6331109999999
1169.243535
1203.2955459999998
1039.979076
1045.6815780000002
1147.2020799999998
1088.566097
1159.75579
1087.935908
1100.073323
1057.327979
1203.7964100000002
1034.716685
1069.285576
1115.464325
1196.020239
1062.1092119999998
1051.2358689999999
1177.745553
1107.1700409999999
1102.642118
1078.309402
1083.97454
1079.43594
1193.480592
1216.527063
1073.060555
1191.4270390000001
1114.2519800000002
1087.913328
1046.533051
1019.68984
1094.0653770000001
1178.565417
1041.6459010000003
1100.4695020000001
1088.3283940000001
1179.9818050000001
1102.510332
1096.5032039999999
1091.311429
1142.364602
1061.9950789999998
1038.115193
1163.96554
1125.2337039999998
1184.26956
1089.519798
1163.256523
1119.644924
1150.799295
1075.6149799999998
1147.882767
1146.1231639999999
1195.071464
1053.5427350000002
1093.343636
1078.902229
1092.1760390000002
1052.480648
1068.972325
1118.0766339999998
1136.3344849999999
1124.9483699999998
1058.11746
1167.730669
1070.4466029999999
1111.694682
1147.0961579999998
1088.905209
1089.9155660000001
1067.4791680000003
1098.117478
1119.8534829999999
1187.5280719999998
1130.5108759999998
1099.286306
1177.9126469999999
1221.559962
1128.971735
1220.543861
1125.122034
1185.654334
1078.49702
1127.531538
1137.8896410000002
1126.2892190000002
1074.725324
1043.38703
1145.4223590000001
1087.934678
1093.231147
1161.675099
1059.300248
1107.4052829999998
1159.149411
1088.8157119999998
1119.56692
1099.654565
1093.485275
1038.594302
1056.335276
1093.5197630000002
1147.395447
1131.045818
1070.3098919999998
1088.8781119999999
1085.423768
1089.030428
1066.615785
1093.812069
1080.741071
1175.561443
1066.089055
1092.291402
1159.588697
1066.4708620000001
1150.943807
1197.7498710000002
1211.983541
1041.059639
1059.8713169999999
1068.5613680000001
1170.0572389999998
1050.8717150000002
1126.040428
1187.310482
1155.2360780000001
1082.3430240000002
1144.045795
1104.9534970000002
1124.5645140000001
1081.321581
1132.3673729999998
1124.072677
1164.04149
1171.593509
1055.91857
1052.358716
1085.973905
1104.903408
1158.340223
1068.9366080000002
1073.0084160000001
1091.865257
1201.563444
1041.0822200000002
1093.785384
1101.359567
1142.068188
1077.872167
1163.188785
1056.684239
1043.740102
1200.50259
1177.237706
1173.6474739999999
1170.5359350000003
1189.5019820000002
1110.006921
1150.3595959999998
1085.264068
1106.373169
1079.066039
1209.9427110000001
1093.3025830000001
1040.422473
1115.932761
1098.442629
1052.39977
1192.9875270000002
1146.936459
1062.6191090000002
1046.108958
1095.4538479999999
1042.752735
1144.131187
1062.379758
1145.7762500000001
1244.8043229999998
1088.9622779999997
1204.904889
1114.020841
1089.5177480000002
1058.32684
1119.300477
1147.0304700000002
1103.3199289999998
1102.159724
1230.409719
1074.1579479999998
1089.457398
1202.5902239999998
1043.783207
1158.462157
1191.680754
1088.324288
1091.289668
1165.923442
1141.116131
1093.4860959999999
1117.3717270000002
1072.6196260000002
1094.1864899999998
1225.201108
1087.4202630000002
1162.7765969999998
1045.651196
1142.2299449999998
1089.039459
1153.889894
1069.4965969999998
1085.027182
1108.755575
1089.282503
1180.9995520000002
1075.170767
1088.79272
1127.836574
1139.379515
1126.39966
1116.975959
1138.994423
1127.74379
1167.7630999999997
1152.248526
1063.485778
1041.3995730000001
1067.971823
1092.9285720000003
1097.672444
1150.7184169999998
1052.536896
1054.777247
1088.4199439999998
1188.138144
1092.907635
1162.1948510000002
1048.610831
