1194.75468
1033.889865
1050.5238866666666
1156.503975
1214.6407800000002
1111.78783
1248.1997485714287
1215.6392325
1179.0995944444444
1175.78739
1360.1956027272727
1250.3636775
1309.9025061538462
1317.6429721428572
1293.4511113333335
1313.98972125
1439.3496805882353
1275.7753105555555
1348.189447894737
1343.2813104999998
1378.1526809523812
1268.786464090909
1264.2766095652173
1459.8061725
1274.4586924
1412.8706496153843
1411.8644922222225
1513.8692610714286
1563.2557068965518
1404.934315
1342.2398816129037
1387.2800134375002
1606.058913333333
1889.5168985294124
1387.2555751428574
1740.733646944444
1516.044793513514
1729.7626250000003
1664.591085897436
1718.3228755
1768.1191502439026
1661.2600500000003
1730.8486009302328
1808.4396206818178
2038.3469573333332
1680.1323554347828
1803.0666042553196
1534.2378283333337
1790.148283061224
1682.1840464000002
1527.7250107843136
1660.8073650000001
1852.2798196226415
1818.180422222222
1898.1634794545453
1852.466882857143
2043.7016398245617
1675.1013634482756
1895.7325949152537
1931.8356428333338
1934.01745852459
2027.876582258064
2042.6049080952378
2012.9584426562496
2313.281753692308
1956.6750884848482
2362.4095544776114
2129.6913254411766
2831.3652281159425
1956.6062482857137
2169.318594929577
2085.4783872222215
2243.6037784931495
2097.9154243243242
1770.2527156000003
1955.1174180263158
2215.77213064935
2135.6511330769235
2083.579583037975
2288.8087433750006
2183.9201216049382
2433.157717317074
2675.525310722892
2019.918414285714
2331.025042705883
2511.0288322093024
2515.912017471264
2295.2604032954546
2372.858204157303
2287.780812333333
2505.3737049450547
2455.431191195651
2377.5330755913983
2544.541691382978
2302.7497953684215
2291.5744216666667
2386.5895667010323
2340.7188977551023
2584.295262525253
2633.0160211
2965.0863696039605
2503.0990698039213
2666.4765555339804
2581.8210808653844
2626.6932634285718
2660.8455613207543
2667.907771028037
2748.528781574075
2580.0254168807323
2747.685930636363
2901.7803463063074
2565.099116964285
2862.701820353983
2954.6139636842117
2997.190676695653
2677.1327884482753
2667.5290476068367
2886.502979745764
2656.0499508403345
2468.8235396666655
2727.671670578512
2894.8183064754085
2913.2483243902434
3014.3969593548395
2860.90927968
3171.7941823015867
3161.925729133857
3415.8464763281245
5433.126962945737
3164.3498204615375
2975.7543332061077
3016.968168560608
2950.818921729321
2937.023938432836
2846.6760651851837
3138.4741374999994
2828.5876800729934
3268.101358188406
2982.517932446043
3393.123852214286
2890.6406220567383
3487.3373169718307
2923.8598744055957
3156.290387777777
3208.863244068965
3326.0427416438365
3243.533366054421
4152.504887635136
4778.142165503356
4439.126623266666
4859.039291788083
2957.1053482236844
3380.6935247712418
2893.426161883117
3236.5036759354834
3039.7051344230754
3293.3865947133754
3102.767699240508
3142.8183725157223
3405.2771306250006
3403.8640094409943
3495.3498554321
3471.6118627607357
3367.3338979878035
3569.8381031515146
5076.08703198795
5284.296271916169
6378.525376369049
6177.715164852071
3269.7255248823517
3814.940816608184
3419.128705930234
3202.035320693642
3784.1220382183915
3563.6706320000003
2986.894682215909
3141.752499096047
3472.9904151123583
3668.1035457541875
3423.686047555556
3743.3709399999984
3615.1964272527475
4023.8020296174845
3602.7054790217385
3668.6767070810834
3188.422971397851
3426.8149454545455
3896.3070806914902
3551.45385195767
3401.0021201578957
3460.836777329844
4204.767266666667
3626.4747688082907
3492.714184123711
3522.150635435897
3746.3541084183685
3577.1887904060923
3397.119822373738
4073.3679625125615
3792.3439059499997
3684.191111293533
3813.374056683167
3844.0355000985232
3756.7895696568617
3976.186464634146
3519.419767766989
3153.897121594201
3961.390688125
3733.5291799043052
3819.817348190476
3840.0107297630357
3641.0441134433963
3806.3291642253544
3581.6631109813075
3586.5443583255833
3602.9818535185154
3715.602092027649
4271.458208440367
4024.1574339269423
4066.3241847727268
4085.4702438009062
3751.0917236036025
4103.362642286997
4100.962321517857
4331.33925848889
3393.659340353982
4180.232475198238
3880.7965121929824
4690.336047248908
3977.383708
4412.851218701299
4209.848720387932
4036.3315220600866
4362.362620726495
4366.648333489358
3952.5142581355935
4226.396575864981
4277.617289789914
3958.8827068200844
3945.671023416665
4418.817572240664
4540.7097364876
4214.594044197533
3924.76236327869
4129.441674897959
4185.3369801626
3856.036171943321
3824.707750927419
4318.324315220886
4429.693666439999
4446.451045458167
3958.836107103175
4707.529951343877
3969.2534186220473
4855.146460627449
4352.114721445309
4111.188861361866
4002.764266821705
4689.78174984556
4507.4824328846125
5040.812774137932
4810.88400923664
4238.723208783272
4321.895126856063
4794.858592113208
4046.809898458648
4714.6676567790255
4093.2499199999997
4355.972052453532
4341.598140222219
4097.849580922509
8084.741565625001
8925.618690073265
6712.675806459856
4293.892442399998
4636.432633913046
4229.36046490975
4429.961545971224
4772.403835017918
4712.673098321432
4903.824744199288
4903.897231631207
4993.801749222615
4652.964986514087
4593.80358263158
4905.49908052447
4801.755816620208
4205.414720069446
4161.109657923874
4252.694550000001
5035.16214797251
5764.557889109594
5083.964605051197
4741.4511198979635
7084.219844372884
7298.48002060811
10054.248870202027
4712.64606956376
5366.844789933108
5099.160403099999
4868.970274352164
4236.183498112582
4697.038875346532
4807.407015460524
4998.742957672129
5122.456378529411
4489.070173257329
4790.011267370132
5224.934247831715
5037.082407645167
4751.314574244373
4792.95585125
5820.462434281152
4739.757602197455
5059.236719650795
5522.254301708858
4951.728827318611
5363.041061037737
5028.750329780562
4844.171337437499
4940.0740245482875
5365.501220993791
5610.1896817027855
5481.669988734565
4835.174834184616
5416.44464411043
4162.325158654431
7991.534977012193
9317.961702765951
4935.451452606066
5132.122829516616
5793.344638403612
5008.055766666671
5375.89755901198
4676.205497611941
5185.22767342262
5138.327606528187
5061.397821745567
5727.064734985248
5103.537243205883
5069.797281554253
5170.515772690057
7527.1701027405215
5541.746071802322
5936.926368550724
5159.690228728322
5590.911366368878
5285.436375689654
5469.673713266475
5873.622243400004
5611.632911339031
5520.768100369316
5895.61113753541
5830.808072033901
6156.65341416901
6222.441390449436
5535.519068655461
5996.648732988827
5703.6937793593315
6002.3916672222185
5529.330834016625
6170.211508342541
5587.157858898068
6185.947367362637
5446.35909536986
6233.021024508198
6644.335513569485
5747.182404239131
6299.770017452568
6408.574876108106
5759.365175687329
5990.689165107526
5955.315887372655
6644.825948021387
7077.459740239999
10401.170639973403
9877.96430029178
5598.305742857147
6205.239771345648
5998.214172763157
5636.1935632545865
5772.667810392671
6133.945935613578
5395.916390260416
5358.016288753243
7252.951099974095
6536.868279974162
6367.798085644329
6417.616421105397
6448.0651781025645
7357.936058388749
7226.219076096935
6678.7624603053355
6337.495936675127
6481.891125620246
6871.366893636365
6970.5765728211645
8305.717580276374
6357.7071923809535
6660.098533200001
11730.255522867825
10589.434748855714
6296.196974937967
6450.067884900987
6329.663140246916
6578.030401182263
6409.280212899261
6265.086462107839
5987.393053105134
6418.736817097561
6020.472321751822
5819.070585485437
7596.530144406774
6304.704476980677
6302.521825783132
6371.956408173074
6316.032300407671
7070.250423612446
6435.096550715987
6688.519521095242
6616.76361876485
5591.241242464456
6517.2198802364055
6484.28855037736
12298.295204423535
12368.619243521121
7339.11767192037
6614.138155514021
6336.441250163168
6135.546071767441
5037.846369651975
14285.502536064814
14375.445645727488
7221.932489746542
6506.329292528731
7144.32964002294
6011.977018192217
6709.742580639273
10993.993720933937
11772.663339454546
6954.118785782308
7476.938155746604
7444.635099164777
6040.027093738743
8242.56319134832
6329.183098116592
7047.028488724831
6910.368883348214
7058.480148062356
6092.921395466669
7207.934891463416
7162.712620597344
7461.389253664457
6908.447278634365
7225.07786094506
7190.6743780482475
6411.252597746169
6941.360841506552
7895.026759368195
6980.167701304352
6980.688841670284
5684.550099437225
7340.596437537793
6840.328090775871
7166.500125849467
7365.434032038625
7542.857172119915
7591.732100982903
6615.176067249469
6780.370475787234
6853.137417409769
7479.311844088979
6940.38737917548
8083.284043291143
7792.942386652634
7267.136473382346
7763.777197295599
7247.187778953975
6484.756173799581
6633.124648750007
7790.978147193346
7252.184381701242
7770.326468881988
7472.144295723131
6999.684090164946
7643.710515185186
8228.290458747431
6796.807400922133
7563.55656615542
7715.689460102044
7990.6177980448
7484.056414430896
9142.195939614596
8364.615895101217
8769.588558666672
9922.465331774196
7790.097475291749
7931.192305662647
8032.437836553116
8906.485606880004
