1168.55354
1190.729265
1091.0271300000002
1210.4570975000001
1195.4132
1211.2730549999999
1238.0457371428572
1212.4364475000002
1196.6974811111113
1260.7863120000002
1205.5983609090908
1225.9446558333332
1409.9936599999999
1345.0572807142858
1289.659568
1692.3633437500002
1295.6636247058825
1281.4743933333332
1645.953900526316
1261.5423375
1354.8165761904759
1293.7861940909088
1501.5460860869564
1332.8565166666667
1263.7920148000003
1492.1691565384613
1345.7076585185187
1381.5329539285715
1872.851244137931
1548.76428
1335.2675941935483
1721.9008237499997
1555.4613036363635
1630.9386544117642
1449.874032857143
1627.0324155555563
1527.321201891892
1794.7896681578948
1806.2535389743587
1770.1510034999997
1774.4417826829267
1770.1629445238093
1785.1086534883716
1644.2587997727271
1660.8385346666664
1835.9806326086953
1501.551031276596
1608.0493852083334
1792.6270671428576
1470.9524540000002
1683.6762105882349
1783.0034994230764
1982.7796099999996
1993.7685274074074
1652.0519983636368
1966.4109575
1877.384830877193
1784.2518470689652
2188.267279322033
1874.000590833333
1919.4462549180323
1849.2608264516127
2246.7952471428566
1916.3790142187495
2326.1496369230763
2117.038347121212
2062.7711243283575
2177.171984411765
1906.2259859420287
2087.953928
2040.372404788732
2186.548669861111
1799.5070005479458
2232.1667167567566
2289.2081864
2137.6847925
2377.512260259741
1991.6560333333339
2054.447500253165
2252.161430375001
2298.104570617284
2114.0723230487806
2616.2334538554223
2269.522958690476
2127.1600231764705
2560.1586656976738
2173.183460689655
2571.120441704546
2310.0322193258417
2514.3569815555556
2569.278484945055
2395.2743856521747
2369.5164079569886
2313.9347828723403
2297.5455225263154
2361.0871625000004
2401.1590492783507
2630.189248367347
2397.8025452525258
2452.6138325999996
