1135.5421300000003
1074.800043
1093.977931
1124.5402920000001
1142.729992
1117.39513
1099.137685
1106.7603139999999
1116.968978
1130.258391
1122.1365360000002
1148.909957
1111.076397
1119.7902609999999
1125.5432560000002
1123.6567920000002
1125.9386120000001
1120.1823330000002
1096.8538130000002
1120.40526
1088.9975840000002
1065.637863
1122.767135
1132.456869
1084.225384
1050.678343
1088.8153
1107.861814
1126.597953
1082.388186
1124.993123
1103.4796329999997
1109.804933
1190.726234
1088.355486
1103.2164710000002
1106.9577880000002
1092.481077
1052.2852269999998
1114.7811729999999
1117.696058
1145.7290369999998
1090.4131479999999
1136.930191
1092.2815500000002
1094.9242410000002
1161.309301
1099.655387
1088.812017
1044.1683
1068.4488800000001
1087.7006640000002
1187.959144
1089.167139
1191.305105
1066.961057
1110.757402
1244.092433
1178.631927
1074.5886110000001
1100.7880870000001
1165.017361
1155.637183
1100.166929
1111.1108840000002
1169.380658
1071.9561829999998
1130.7526879999998
1202.6382589999998
1069.3956010000002
1131.9170009999998
1135.2198520000002
1106.295987
1176.0779109999999
1135.7864100000002
1094.627824
1101.2934710000002
1144.9547460000001
1090.3996009999998
1160.9931790000003
1073.656257
1104.1381509999999
1099.829048
1094.5793859999999
1057.3214110000001
1122.692006
1082.1652589999999
1135.1180369999997
1220.199001
1088.713486
1239.7775820000002
1169.714434
1133.2874050000003
1078.012986
1180.3163980000002
1086.4768229999997
1111.557147
1103.6844939999999
1100.8028669999999
1191.6425729999999
1083.877238
1095.9883790000001
1165.462395
1075.496329
1075.328827
1061.2010809999997
1118.946586
1160.19795
1112.112618
1110.9626759999999
1113.248603
1100.63167
1095.1717990000002
1082.5852479999999
1098.1999970000002
1099.2719359999999
1112.804799
1145.072572
1164.940179
1119.670791
1102.001664
1114.1875240000002
1101.2286040000004
1105.918692
1109.721182
1122.4465
1098.3872070000002
1135.9666379999999
1096.705194
1122.582801
1100.019132
1073.097504
1102.9331960000002
1148.177131
1120.172889
1099.199679
1108.3721229999999
1121.028061
1088.004469
1068.296155
1090.396727
1049.7012440000003
1096.684257
1138.109694
1112.7653890000001
1163.1432150000003
1062.7057369999998
1060.008851
1127.1193420000002
1080.5160930000002
1045.248451
1068.5576749999998
1117.675532
1190.7052939999999
1078.4686900000002
1160.877406
1113.251475
1155.5345450000002
1134.255887
1103.018588
1124.404808
1202.033933
1100.962158
1105.348854
1114.979879
1193.3779570000002
1130.847937
1084.7250170000002
1149.6312859999998
1145.7807670000002
1086.294952
1099.152055
1105.492135
1122.5281969999999
1102.1043
1230.1247949999997
1124.590377
1068.0444929999999
1071.447926
1100.77659
1117.7913059999998
1139.774462
1119.053328
1111.7447679999998
1177.3637439999998
1155.8231600000001
1093.5255069999998
1096.1279670000001
1165.273543
1115.943843
1189.779923
1114.519245
1117.6993420000001
1096.7651360000002
1073.2017840000003
1061.571394
1105.063112
1119.589091
1146.12932
1147.456622
1072.637694
1114.278664
1174.286285
1059.642643
1149.13699
1076.4262210000002
1206.246555
1120.15893
1128.962704
1123.000328
1114.08776
1088.024178
1123.58084
1094.340445
1144.3557559999997
1075.9762609999998
1060.909592
1095.931314
1103.2977619999997
1093.808785
1090.0719860000002
1054.5785460000002
1106.665066
1096.5307129999999
1053.533702
1130.008777
1112.641813
1130.526475
1110.9901889999999
1154.103379
1081.0095669999998
1194.1781130000002
1050.635651
1071.2328009999999
1088.3657520000002
1163.21547
1161.946471
1095.187812
1131.721581
1188.257204
1078.6386589999997
1129.382284
1091.5113629999998
1048.341923
1068.8372599999998
1176.559897
1205.9304349999998
1128.575559
1183.8253450000002
1101.7746319999999
1177.344861
1121.838889
1098.887662
1156.6873609999998
1188.446054
1161.2678360000002
1125.4049
1132.017173
1144.873048
1097.767281
1144.120104
1073.0814919999998
1091.6111259999998
1087.265895
1099.574919
1160.0070449999998
1110.145689
1081.448853
1108.4694240000001
1176.0044249999999
1101.130482
1136.680989
1088.6133130000003
1115.971762
1116.334272
1094.917674
1043.91089
1067.461922
1102.255793
1134.394652
1118.6604349999998
1209.42255
1094.157749
1098.254191
1102.4409469999998
1177.792358
1106.7422510000001
1105.2880949999999
1092.1317000000001
1070.8206110000003
1091.538049
1094.729642
1109.323773
1158.349667
1190.32841
1133.4512129999998
1223.444786
1124.4364220000002
1184.4276210000003
1087.3044860000002
