1568.3619264
1140.6225700000002
1192.9817787999998
1318.3177092000003
1395.1235204000002
1196.6239884000001
1185.5881531999999
1368.6110448000002
1187.9507707999996
1332.7730744
1271.7871196000003
1441.3309284000002
1247.1941976000003
1438.0636292
1277.3306556000002
1207.4786904
1120.467826
1129.1146064
1229.0071244000003
1315.1157704
1328.8480788000002
1211.0933116
1384.2581456000003
1215.9551752
1281.8031572000002
1212.4034491999998
1321.7268927999999
1372.1516028
1313.6024919999995
1348.4433284000002
1179.7418003999999
1188.4509816000002
1192.6415167999999
1209.5636132000002
1244.533524
1243.8866656
1214.9265075999997
1364.9202268
1181.039456
1222.2245576
1188.766608
1216.271626
1186.7153512000002
1245.161168
1217.9212015999997
1242.0819003999998
1111.6780127999998
1353.3807335999998
1199.6127715999999
1357.9934743999997
1329.1617372000003
1319.4442500000002
1281.9933196
1273.5033711999997
1246.9841611999998
1194.0958388000001
1239.4675356
1248.2548872
1220.5636479999998
1325.5981888000001
1325.4426715999998
1324.1029748000003
1148.45154
1219.4520519999999
1358.8337832
1372.898636
1353.6761616000001
1120.0584292
1248.371154
1233.7054251999998
1311.353516
1069.5611339999998
1221.468658
1331.507274
1290.90712
1182.6542196
1170.8086212
1124.2389484
1332.7400656
1356.1194095999997
1303.151278
1332.7100144000003
1182.3560004
1332.1804072
1343.3665016
1325.5538492
1206.9443227999998
1329.3021436
1313.5371332000002
1332.5016192
1331.3793496
1335.3210915999996
1370.5130284
1210.0129148
1201.7850588
1283.0766724
1172.7368796
1259.6079932000002
1226.448266
1170.2328711999999
1284.833814
1226.2316624
1192.6577759999998
1190.8608947999999
1194.5868544
1208.7955608
1108.4200744000002
1152.032826
1290.3088711999999
1208.589302
1325.8052679999998
1339.6948975999999
1238.9178967999997
1365.6754696
1320.4522252000002
1117.2836224000002
1250.3555748
1265.0436372
1341.0245776
1196.1293608000005
1328.3225796
1334.9135004000002
1327.4936036
1176.9835784
1254.2071628
1167.8789579999998
1299.2587972
1229.9561436000001
1145.2420472
1200.5133479999997
1187.9417376000001
1322.8719916
1132.2288528
1172.0409215999998
1281.4464716
1370.6890699999997
1332.4464420000002
1349.7593788
1168.5719616
1352.1456415999999
1348.7648708000002
1243.1191079999999
1189.1298608
1246.2149603999999
1194.1107828
1299.3272783999996
1186.0550279999998
1166.5648784
1141.8486292000002
1350.34022
1171.8673396000002
1331.5494784
1164.9300784
1213.6789384
1363.1031456
1272.344314
1344.5165268
1226.5192096
1221.0950599999999
1344.9265812000003
1165.8580796
1186.8621644
1339.6996596
1166.7506084000001
1257.1854364
1300.0174895999999
1363.1282707999999
1232.450794
1335.4917168000002
1183.8129488
1185.3278667999998
1154.5918456
1217.2369016
1254.148864
1303.2647516
1208.8185512
1319.8710548
1274.3763575999997
1365.4665827999997
1179.7501728
1179.8270276
1228.1641891999998
1225.1942904
1210.9471568
1171.70575
1282.8865071999999
1338.3125040000004
1322.3852456000002
1347.6989247999998
1246.3106992
1342.0913423999998
1253.989574
1207.3440311999998
1206.4703868
1306.1203544
1190.5324556
1213.4475532
1173.7625904000001
1148.3986612
1227.8109528
1359.0988315999996
1197.1793784
1227.5038643999994
1184.4670316
1193.6337268
1106.7688551999997
1209.0259608
1151.9124519999998
1285.0029596
1355.6963812
1295.9249912
1306.7647492
1365.0483168
1192.7285548
1222.7429972
1139.6338092000003
1248.3174552
1216.1832756000001
1225.3703352000002
1317.2138303999998
1267.0157424000004
1208.3204752
1228.7136652000004
1352.8260016
1316.7300408
1222.9435072
1188.725226
1217.3170403999998
1336.6552068
1156.8506756000002
1316.1079799999998
1320.2034339999998
1353.4275356
1324.1054376
1229.6689268000002
1314.7341244
1213.9416855999998
1340.2249947999999
1338.4502816000002
1328.4532963999998
1147.7125555999999
1233.8397572
1194.7901599999998
1174.9851996
1213.6070083999998
1264.5636264
1216.7378423999999
1212.8542320000004
1277.1033764000003
1217.438728
1261.1306299999999
1262.3740959999998
1209.2287700000002
1166.9232036
1348.9011712000001
1188.9664656
1212.1996536
1315.4238444000002
1201.7407188
1245.0779076
1192.7055616
1233.4040852000003
1334.8928099999998
1337.4340987999997
1276.2267768000002
1308.6586864
1232.3174488
1224.2570936
1348.4029295999999
1205.3540264
1331.8874407999997
1333.3407772000003
1341.750754
1274.1101596
1367.8692684000002
1302.4301924
1268.8039200000003
1318.9647307999999
1177.2616024000001
1223.9496771999998
1340.2782039999997
1288.2267404000002
1346.1769444000001
1331.9716847999998
1260.0825852
1276.0126344
1202.1970831999997
1175.9892343999998
1184.2427092
1181.2749456000001
1231.777004
1202.5202668000002
1227.4935196
1167.1243731999998
1350.4349735999997
1261.3848420000002
1277.3483908000003
1234.3616444000002
1282.9014508000002
1211.0483152
