5123.134303233337
5084.825138333333
4457.552698400001
4368.855950400002
5165.249198799997
4660.974472299999
4760.2438624333345
6098.641773333335
5064.6823692666685
4553.242131833338
4517.846647699997
4479.444562666667
4866.475063933333
5252.774723766669
5097.073962200002
4528.806763866665
4904.811954366669
5009.158950200005
4709.192820566664
4185.306107999996
4599.686492666668
4703.067772233333
4595.246972600003
4903.5241363333325
5281.866078866669
4907.878098233332
5027.931409100003
4440.983345300002
4687.149669800001
5007.630141333332
4998.620739333334
4698.039528100003
4844.910365166669
5055.406358
5256.493432300004
4397.3122848
4948.594875133335
4500.656067766665
4625.245951799999
4182.704252033334
4799.320982433332
4871.731093799996
4390.284676033334
5294.2548173000005
4532.8012370000015
4376.926978366665
4498.438292433332
5105.351536433335
4939.070962266669
4837.89727633333
4085.3712342000017
4375.326966899999
4871.1295191000045
4866.596257833332
4871.551931066669
4658.500227500004
4847.309574966671
4582.462384899998
4852.069923666668
4542.231421866669
5297.7079017333335
4689.504472299998
4637.3094409999985
4617.928141166668
5133.6485648333355
5045.860617799999
4735.232045199999
5588.078751966667
4085.967362366664
4409.469720533332
4969.924029399997
5371.719584899996
4303.023241733329
4581.9140585666655
5007.281860633334
4462.644960500001
4692.943515999998
4754.0353362999995
4653.864903933334
4706.543874333335
4546.7891658
4812.370715533338
4956.425157966668
4557.705777666668
5025.002894366668
4372.123234566672
4709.953277333331
4938.066448433333
4839.908998333333
5204.362405433333
5062.166098566669
4633.847475133336
4691.596442333335
3912.2077141666655
5090.034570833338
4585.789924133333
4561.429782166665
4653.572403300001
4242.607852800002
5090.674436299999
