1090.9632829999998
1173.148659
1082.5166880000002
1146.78086
1067.118706
1060.138583
1106.069364
1091.6222089999999
1041.2862599999999
1059.1450599999998
1087.877199
1203.001593
1052.3587160000002
1096.2544140000002
1194.795987
1083.242534
1117.714121
1103.635641
1175.8767420000001
1065.2441459999998
1208.14164
1233.202257
1043.651423
1037.870508
1191.1913829999999
1080.930743
1207.043839
1053.3456729999998
1122.972411
1087.895675
1086.920215
1092.3464179999999
1116.11299
1099.0982749999998
1100.7338940000002
1159.484008
1074.1821690000002
1111.7230089999998
1101.192066
1114.1107499999998
1078.8143699999998
1042.7527340000001
1108.7761020000003
1074.955228
1083.9548320000001
1081.413137
1068.043259
1087.92893
1197.705944
1040.199541
1055.416061
1076.819113
1076.992776
1165.388907
1092.2716970000001
1126.871787
1080.952912
1131.150919
1094.999781
1091.363155
1184.0302100000001
1042.640654
1104.735496
1153.700631
1183.83561
1072.620037
1144.8808480000002
1078.8279189999998
1071.9619320000002
1140.930563
1092.902708
1116.5522749999998
1081.2324949999997
1047.067174
1060.2194630000001
1089.9853600000001
1116.9230009999999
1112.784272
1112.1569559999998
1244.3317829999999
1131.936706
1066.6818859999998
1041.6885969999998
1137.261505
1056.930161
1050.7428049999999
1093.4286160000001
1044.540259
1199.995975
1071.979586
1205.9341319999999
1064.265404
1181.6268679999998
1055.320404
1073.815142
1080.244717
1103.962025
1069.804096
1085.1183230000001
1099.117571
1231.437727
1165.035424
1098.290728
1098.6462639999997
1131.598416
1120.824837
1079.977041
1046.4653119999998
1187.20456
1197.950633
1143.5038720000002
1084.2381099999998
1209.596212
1067.342865
1100.8944179999999
1106.1449049999999
1161.506773
1069.680523
1173.500086
1080.3703489999998
1083.628446
1076.05714
1084.2491949999999
1127.0384680000002
1137.1481919999999
1169.3552020000002
1088.804625
1117.5971180000001
1083.309863
1045.183175
1094.329357
1102.7718490000002
1102.845749
1232.9522339999999
1048.43799
1050.053492
1137.0611560000002
1120.6355760000001
1202.5409590000002
1051.677621
1041.479629
1066.704464
1098.896694
1158.7606250000001
1068.368822
1101.477806
1136.1242889999999
1065.3426789999999
1094.4804410000002
1116.7144389999999
1136.8365870000002
1093.45982
1085.640951
1053.8617290000002
1093.440524
1052.4244030000002
1088.92697
1086.4805190000002
1092.26061
1087.875966
1049.7303930000003
1093.8276700000001
1087.3673010000002
1151.0764130000002
1114.1940909999998
1140.9010050000002
1080.0800919999997
1238.887928
1082.4000890000002
1196.949307
1041.933693
1036.273069
1126.8997050000003
1139.923899
1172.1629340000002
1090.546986
1102.3128590000001
1095.3039979999999
1127.009734
1090.0395540000002
1088.58088
1112.908669
1153.1459810000001
1059.3872820000001
1066.603469
1089.6363960000003
1112.9969370000001
1072.267378
1047.585696
1118.8780259999999
1213.2743030000001
1082.396807
1109.955191
1202.663301
1138.585928
1107.784631
1151.004567
1140.7761990000001
1062.80016
1033.8471459999998
1034.7224360000002
1158.942906
1056.698199
1070.337396
1091.669421
1067.750949
1088.125172
1097.228231
1088.148161
1092.609166
1042.44811
1078.4181919999996
1098.992351
1092.9753759999999
1063.671753
1193.951901
1127.253185
1071.9935420000002
1229.857122
1126.2510379999999
1107.524755
1095.043709
1179.524044
1089.2521219999999
1103.835577
1103.896749
1147.519434
1230.224972
1113.8714
1170.466142
1148.578645
1203.830078
1170.070789
1139.3372299999999
1150.704459
1097.0750970000001
1186.884742
1086.535942
1081.84585
1044.495918
1130.2863069999999
1063.712808
1195.595732
1126.5499169999998
1111.185193
1099.969047
1161.214876
1072.35852
1142.5600259999999
1127.5886000000003
1110.9606230000002
1135.953091
1089.610941
1126.184532
1082.6583260000002
1085.9710309999998
1108.523205
1103.5621509999999
1105.9178699999998
1094.207014
1072.186502
1089.936096
1163.81733
1054.3498710000001
1097.228233
1102.020138
1088.163352
1044.6178510000002
1097.013925
1095.739589
1103.230021
1113.697329
1177.233603
1166.752743
1114.6912630000002
1126.343414
1166.334397
1118.6838349999998
1181.228636
1115.2623330000001
1163.475347
1138.3408300000003
1190.2512329999997
1106.5525789999997
1085.2143950000002
1094.672164
1236.7370720000001
1089.3494219999998
1179.370909
1224.3726219999999
1162.825453
1158.5290730000002
1133.328462
1170.10445
1149.217457
1131.3574249999997
1160.43032
1076.982099
1118.138216
1208.3727800000001
