2047.9773566000001
2019.1228744000007
2008.5505474
1485.1762927999996
1679.2075952000005
1626.1681913999998
1627.3327491999999
1538.5785386
1742.4264316000006
1577.8601804
1587.417141
1488.1164676
1587.5593540000002
1506.1229814
1580.6947608
1664.7417203999998
1503.5598541999996
1620.8895420000001
1613.5544586
1360.886437
1831.7157505999994
1620.6347552
1680.6906554000004
1557.7519921999994
1648.9868923999998
1636.2970462000003
1500.9799753999998
1641.0012586000005
1439.3009362
1423.3272876
1529.499124
1462.1723532
1782.0508802
1497.4071472000003
1541.742379
1609.553267
1523.3015062000004
1579.7619965999997
1701.0261214000002
1573.5945946
1533.2551369999994
1608.9662673999999
1676.9476134000004
1468.9509789999997
1829.3439368000004
1483.0582808000001
1439.5802738000002
1491.6960278000001
1593.6962955999998
1849.4019559999997
1542.8231849999997
1508.7657550000004
1777.6061322
1736.1460464000004
1479.1910913999998
1649.7780992000003
1507.7888173999997
1558.2232176
1466.5322807999996
1661.6633565999998
1586.6510608000006
1397.0112998000002
1477.821753
1602.7768580000002
1366.1332302000003
1526.4714216
1720.6152958
1556.1222022
1573.1037442000004
1597.1598351999994
1493.3208092000004
1565.9131756000006
1807.4709735999995
1514.2491878000003
1485.0358854000003
1527.2128687999998
1508.1363872
1769.8122245999998
1536.0920183999995
1577.3243336
1564.5248695999999
1634.8896902
1465.09512
1565.2562179999995
1606.4873004000003
1572.4899768
1468.9800446000002
1647.0933678
1480.526928
1527.2531022000005
1550.6281785999997
1712.7903498000003
1574.4693885999995
1454.6628715999998
1713.1472787999999
1742.1062873999995
1517.5500686000005
1735.7937156000003
1643.1907892000004
1700.2739992000002
1670.869465
1597.5155334
1654.7438307999996
1588.5946721999999
1919.3981052
1476.4501963999999
1531.1377821999997
1769.7512172
1421.9012927999997
1579.1216266000004
1484.1904054000001
1466.2999114000004
1589.8941364000002
1592.0463889999996
1439.0254591999997
1499.2170864000002
1440.9789243999999
1533.1668702000004
1747.1996164
1542.630474
1690.3775966
1529.8677962000002
1520.3224930000003
1486.1572549999996
1496.4173195999997
1702.7546882000001
1784.4489681999999
1768.9734762
1495.6810438000002
1557.8227692
1665.3811884000002
1677.1210290000004
1549.7341708000001
1575.8725566
1593.0465631999998
1515.0992663999998
1719.4698692000002
1522.6151525999999
1722.7721463999999
1453.1893349999996
1498.2417908
1695.2143336
1551.9737878
1477.3847662
1616.2925635999993
1526.8290892000002
1836.2642019999998
1520.7043007999998
1557.6789145999999
1721.9037564000005
1703.6642155999998
1505.2575484
1576.1290660000002
1541.6048450000003
1698.1061469999997
1727.0953706000003
1592.3305681999998
1456.3581022
1824.4487377999994
1600.5171250000003
1552.7362554000001
1600.5838801999992
1579.4236242000004
1646.3736776000003
1726.1598989999995
1811.9239316
1435.0662254000001
1601.6623069999998
1717.9070798
1670.4695926000004
1884.3547879999992
1377.1326901999998
1626.529062
1529.8924288
1526.7760468000001
1468.3581484000001
1742.0167055999998
1673.2506374000004
1627.1871695999996
1451.5540435999999
1534.5987766000005
1779.5040928000008
1647.3204823999997
1468.8222307999997
1476.3496938000003
1479.4457949999999
1478.0319518
1750.9658942000003
1756.4017023999997
1502.1057790000004
1502.0139802000003
1484.2421341999998
1961.9606750000003
1591.4212888000004
1638.3486316
1707.4764735999997
1525.5628808000006
1703.5970490000004
1366.6040449999998
1650.9036547999995
1693.9862237999998
1549.9189988
1566.6170180000006
1643.3265978
1569.7404603999998
1464.6986146000002
1790.4699706
1510.4479317999999
1374.5327776000004
1644.1557384
1653.9954032000003
1652.315445
1680.1361706000002
1532.8215188000001
1391.8721519999997
1719.7880432000006
1892.1973879999996
1578.4213969999994
1715.1651992
1655.2302487999998
1477.446841
1610.3484966
1757.6592904
1466.4454908000002
1914.0634547999998
1587.8692368000002
1423.1166758000002
1634.1637607999996
1655.9993657999994
1580.9830465999999
1502.2495516000001
1511.4163296000004
1610.2817416
1697.3036914
1483.0673126
1538.1111706
1883.515629
1616.4443000000006
1702.9238349999996
1756.7909006000002
1909.9065016000002
1684.6753431999991
1715.5883093999996
1425.2843649999998
1568.0582019999995
1490.4829422
1434.6011568
1732.8645434000002
1495.5582073999997
1753.9097623999996
1667.9939937999995
1586.4784659999998
1722.9866974
1501.1704682
1611.3396401999996
1569.0456503999999
1583.7392969999992
1822.4718714000003
1430.4690830000004
1704.2797062
1616.4867513999998
1475.9153342
1813.3872856000003
1618.1407632000003
1687.6256172000003
1457.7511708
1596.4820212
1450.9038196
1711.1957830000001
1789.4711080000002
1745.7852011999994
1764.4275694000003
1516.03712
1608.9849869999996
1619.8310678000003
1630.4614472
1570.1877924000003
1518.2531708000001
1549.2286222000005
1603.1903613999993
1574.8098150000003
1739.6063016000003
1661.7985086
1383.6865001999997
1371.9735913999998
1737.4540486
1650.9531667999995
1779.0879611999999
1587.2803465999998
1578.4326465999998
1677.9368691999996
1572.4414508
1669.7529416000004
1507.199025
1882.3755416000004
1589.7649784
1659.3857229999996
1533.1359154000002
1441.4747008000004
1692.9509884000001
