1113.37368
1070.297075
1131.7702733333333
1313.653715
1359.0899320000003
1154.918261666667
1233.1764600000001
1218.3063137499998
1217.9540444444447
1364.0435899999998
1142.0421500000002
1343.0543233333333
1196.9537053846154
1161.6627585714284
1275.934264
1249.4827112499997
1224.9377882352944
1244.1644805555557
1374.2786463157893
1178.1388435000003
1367.0054676190477
1184.6744290909091
1326.6112339130434
1252.9617525
1354.6708104
1221.4453373076924
1245.796098148148
1293.9175617857145
1303.5956403448276
1314.299434333333
1339.26583
1214.3522384374999
1264.734501818182
1271.3115655882352
1317.629652
1199.565659166667
1238.9601105405404
1212.1022531578947
1182.6954228205127
1293.95979175
1254.0517821951219
1216.884502857143
1266.3547100000003
1445.2585356818179
1255.8547946666672
1174.8366128260866
1346.1196302127657
1345.2388606250001
1459.731581020408
1400.5331364
1363.579300392157
1403.0338163461538
1318.6945490566038
1340.0642911111108
1305.8221823636359
1355.9613473214288
1238.3171312280706
1457.8117410344826
1236.2047727118645
1184.0859550000002
1300.5906085245902
1475.4589727419357
1241.5568242857144
1489.9610320312497
1227.0148772307696
1209.3502099999998
1306.6470159701491
1585.944105147059
1206.7795786956526
1280.2522568571433
1284.6850676056338
1270.3937890277775
1359.2085426027397
1174.972315135135
1422.0958650666669
1561.1707535526311
1498.278351038961
1258.2648947435894
1781.420586455696
1814.9423165
1510.3566946913586
1393.7031689024384
1326.9769269879519
1414.3004371428572
1341.0006209411758
1704.4412675581393
1328.8280226436787
1225.287333181818
1343.531092808989
1260.8170246666666
2068.910592307692
1913.3912292391306
1474.6037564516128
1262.8745338297867
1923.6240251578954
1555.7916679166667
1395.5213317525772
1441.0879894897964
1720.4926236363642
2117.1374885
1996.7977601980197
1370.8743517647058
1782.3632132038833
1752.3300345192306
1735.0802517142856
1209.763865754717
1286.4258680373825
1653.2549830555556
1306.4505124770644
1666.838213090909
1877.4003731531536
1785.800536875
1560.5595800884953
1299.9644142105265
1407.3140237391306
1317.4379962931037
1882.5557440170937
2106.6617432203393
1686.687157310924
1737.849325833334
1509.0115136363634
1666.3595748360653
1791.5643421951215
2263.07222516129
1679.8575896
1952.126960873016
1617.5325506299214
1779.6700178125002
1986.1131627131788
1519.4004909999999
1877.3549532824427
2048.3517604545455
1797.8528607518795
1753.7227188805973
2280.0801309629633
1917.658886911764
1925.5152822627745
1675.1162514492755
1551.133124316546
1888.0786003571436
1286.5425026950345
1560.0921389436626
1324.725774685315
1885.586001597222
1791.9617037931025
2084.7472136986303
1482.5379203401358
1550.7793070945938
1632.2884532214764
1727.279576666666
1459.8739335761588
1571.0390525657888
2016.2692858823536
2029.4149295454554
2059.781308774194
1881.42244224359
1545.6868731210197
1989.807551835444
2029.107067861635
1661.8532558125007
1719.8414757763974
1687.7189897530868
2014.6852215950921
1998.0342423780494
1809.2464075757575
1439.4341527108434
1654.4300380838326
1557.0202963690474
2139.065994437869
1496.5924996470585
1601.0218355555546
1912.4739010465125
1830.8266212138733
2147.7745637356334
1681.6828942285722
2331.4538897727284
2140.3962307909615
2003.9709495505617
1562.6985771508378
1831.1029709444447
1828.090877458564
1897.5136741758238
1476.6122663387978
2040.8184718478253
2492.8857541621614
2054.0750501075263
1987.8933358823526
2235.835310265957
2149.6201600529103
2242.031512157895
1855.8944540837708
1520.160755625
2882.747412953367
2248.5907658247424
1670.123606205129
2399.353701530613
2274.532775177664
1961.556722272727
1984.966306633164
2060.2143789499996
2189.6059818407957
2580.944742029704
1862.1532062561578
1977.466171078431
2305.646566926831
2229.090702038835
2066.5290230434775
2561.2302641826923
2156.451720239235
2657.7658204285717
2091.7402910900464
2142.5983740566035
1838.364305586855
2300.2938491121504
1698.2750101395343
2297.2833341666665
1952.7355305529948
2155.4936230275234
2101.7598349771697
2224.976502636363
2808.3903324886883
1480.2273339639635
2862.900419999999
1915.7214221428578
1973.2106474666673
1627.0879865929198
2381.1197570484596
1967.7083265350875
2086.4805397379905
2059.8359374782613
1991.8268629870117
2059.8444986206887
1644.0868288841193
2251.5343024786334
2077.4934162553186
2315.5003521186427
2078.802607552742
2448.256542478991
2327.1729177824263
1975.8089684583335
2588.506418713692
2301.9987373966956
2244.29526930041
1860.4354760655729
1723.8377429387751
1908.48654987805
2395.401918987856
2021.5043789516128
2451.293536666666
3058.662348639997
2386.9481916733057
2021.0531756746034
2730.6523374703565
1824.9182327165345
2733.178051490197
3719.351845664061
2403.520151400778
2615.8182948062017
2782.5098256370643
2688.0263388076924
2425.0375508045963
2039.064469580152
2965.3635823954373
2605.511381742425
2398.0413484905666
2742.4613062030053
2735.596007153558
2232.164245708954
1724.6970462825282
2710.5924178518526
2589.511482066419
2476.155467536763
1784.203041391942
3240.852559197082
2212.242880763637
3075.7754127536227
2288.257808628161
2602.5058915827344
2112.4353765232977
2786.467829535715
2099.8426223131664
2534.3869832624114
1893.6301838162544
2104.4566240140844
2893.5340914736853
2856.365133881121
2424.1221636585387
2613.740756423614
2600.193712941175
2408.5776469310354
2125.0748968041235
2213.8405599315065
3313.1948268941987
1954.7117009523797
2567.940124305086
2352.0414832432425
2601.972574208756
1973.0130873154358
2282.421557324415
2665.453938833334
2465.497481893688
2490.1240901986753
3462.294506303632
2239.338917236842
2363.6970537049187
2990.4036933006505
1908.9279923127017
2410.2359688636357
2484.775865436893
2861.913652903226
2648.579608553054
2971.545577403846
2822.871049520768
2127.837029745223
2033.3712880317469
2630.474585126584
1982.5920362145114
3350.9969593710675
2587.636917429466
2956.8138960937495
2465.126236323988
2847.213315590062
2083.3314399071196
2278.8870318518525
2396.800161569231
3592.165539907976
2691.539270764526
2653.1212832012184
2271.7608618844965
2273.8887465454554
3891.4587833232627
3577.5402061746995
2479.2799681381393
2136.946186407185
2256.752175611939
2048.354627291667
2299.307293709199
2455.3828323076928
2441.3691989085546
2286.5629971176463
2288.3075709090917
2155.810725321639
2675.4029795918364
3035.78659145349
2803.7421120289846
4782.29620725434
5116.338611152741
2554.8981987356315
2915.1264994555854
2958.2146242571425
2532.348432649572
2645.63306056818
2182.250234362607
3539.806700706214
2981.736810394366
2329.4714375000003
2287.442247731092
2890.403907094971
3513.7288611977715
3020.422321999999
1957.6978978947382
2674.294905386739
2754.742763305785
3018.4741983791214
3548.240804794517
2316.441473606558
2303.801890000001
2400.0427654076097
2671.278675799457
2268.141097729729
2327.2881768463612
4144.799387150539
3122.998430697048
2504.4558413636337
2846.6741468799996
2468.772612659576
2845.6028087533164
3784.02043690476
3145.5352331662248
2989.8332667894733
2808.2004652230967
2630.7525357329864
2391.3253984856406
3192.06435018229
3086.6564784935076
2370.8120790932617
2671.30019529716
3636.0207214175266
2324.512058097686
2906.935609384614
2832.280388184145
3082.1809778571405
2251.5857312213743
2678.348946649745
2732.2880562784812
2103.897805328283
3502.6193480352636
3443.7528230150742
2899.044077819553
2732.312081599999
2521.011701072319
2493.781449328359
4497.448387270473
2489.098147846535
2340.5287304691365
3388.4945816256145
3214.5625272481575
2538.413669215687
4133.360865794623
3063.5670149268317
2604.6974802433097
3662.736807669906
3073.578479515737
3272.7113260386477
2989.5260008433743
2893.5093541346137
2566.8112312470025
4582.377752775122
3207.0220896181377
2468.87895354762
2785.896429239907
2812.2960721800923
3431.319299456266
4207.846967264146
3194.9156649882348
5062.497308380283
2561.841129274004
3449.7156408177557
2313.9854704428903
3693.7302972325597
3971.356612134572
3681.4765195833324
2438.5902358198623
3155.1665810368672
3155.532928022988
2424.4903646330263
4754.132712883292
3376.815487465755
3060.544161298406
3173.1062705909094
2737.933088435377
2667.648646357468
3363.990958690742
3467.078037882881
3831.5743217977565
3214.0883355829583
3691.098559172258
2608.7839841964305
3038.673564877503
3559.9620615555564
3594.970087450111
3761.159696836281
2284.7224581456962
3088.2293936563865
3698.5500311648334
2592.645047258773
3401.1195233698013
3746.999955545848
3999.7416671023934
3145.3909957391297
4906.940031865505
3056.4906878354973
3819.7105703887687
4547.853131077586
4293.535487634413
3257.9467583261776
3489.0429535546045
3491.4059997008576
2755.876798976549
4013.016712191491
3065.477233099789
2745.5781815677938
3459.3397639746327
2916.62227521097
3352.9438342947387
2800.2521966806717
3340.3776587002094
3352.0422543305426
2642.9531300626263
3475.8374240625
3124.805990706863
3176.7867874273866
2827.6688488405825
3053.547693243802
3177.8472401443287
4064.537946337449
3697.255781437371
3746.125945963118
3229.1421854805744
2580.038571469388
2872.605160794295
4103.502734918699
3569.7403165517203
2926.5021797975724
3417.33520937374
3707.1912699798418
3766.0812399999986
3561.486469016063
6203.354641082162
3851.7836403599963
