1058.79972
1300.2586000000001
1240.19974
1194.27189
1231.85415
1155.2788550000002
1208.8486385714284
1153.9669875
1231.0682688888887
1199.971509
1251.0157754545455
1237.7368016666667
1061.0122476923075
1093.8102535714283
1328.7442433333333
1325.31195125
1287.3676835294118
1279.7449555555554
1304.7359373684212
1219.6555765
1306.6277461904763
1358.1382118181818
1237.87283173913
1301.9847812500002
1311.096212
1197.2519849999999
1206.1199600000002
1320.800448928571
1246.1035417241378
1215.4866113333337
1188.8781009677418
1324.2116881250001
1384.2560666666666
1140.740355
1109.2960125714285
1187.028707777778
1204.27902027027
1312.9710718421054
1253.9115746153846
1107.4207545
1240.3583504878047
1309.2724466666662
1196.649431627907
1258.5254195454545
1281.5528228888886
1524.4214286956524
1274.3502297872337
1295.371730625
1298.2035251020407
1459.6700764
1281.914335098039
1349.4680623076918
1186.5092279245282
1166.3988912962961
1188.1631047272726
1188.6516530357142
1186.0343798245613
1209.2496208620692
1259.3468681355935
1243.175518
1214.7970659016391
1376.1303977419352
1186.488121587302
1448.3383414062496
1308.4334712307696
1309.7312824242426
1315.3899420895525
1713.9997527941175
1223.737236811594
1216.4795281428574
1274.827148873239
1153.0809493055556
1357.2911197260273
1214.127144324324
1222.2269938666668
1677.079407631578
1652.647610649351
1184.3506101282053
1177.7330444303796
1267.8965476249998
1364.4417377777777
1237.6087390243902
1157.4283977108435
1622.306176309523
1301.09607
1272.8127032558143
1275.2912340229884
1184.9598057954547
1202.0158132584268
1329.9598718888883
1125.2615751648348
1427.6322074999998
1832.9490598924726
1238.8196480851066
1181.5343990526317
1788.8713405208346
1482.2674189690722
1226.748807346939
1155.425596060606
1774.2803616
1410.4335427722772
1574.5224579411765
1170.7409519417472
1355.497570865385
1201.0225269523808
1186.0530168867929
1717.4063081308416
1343.2824437037036
1944.3164488990828
1202.6367016363633
1343.952672072072
1803.2946249107138
1773.9605479646011
2102.306609035087
2019.7206249565218
1751.0434570689656
1926.1676196581186
1869.1776106779662
2090.066971932773
1374.5327120833333
2012.2623693388434
2015.2645327049174
1393.192238211382
1382.9227269354844
1299.3936311999992
1813.7211403968254
1988.8019432283468
1892.0691495312503
1326.3756689922475
1347.1368058461535
1342.7387077862593
1493.728881969697
1301.554541879699
1314.8573966417912
1563.8779434074077
1882.0147172058823
1984.972620948905
1336.4932981159418
1859.0341651798562
1939.477423571429
1205.2544184397168
1738.6248964084498
1948.020974265734
1387.8874396527776
1718.6959237241383
1344.100032328767
2254.9850337414973
1360.2868985810817
1868.2016249664441
1361.3141925999998
1637.2226207284773
1735.4199721052628
2166.1777796078422
2538.666573701299
1447.1885481935487
1705.5478526282047
2134.9933015286615
1641.0578436708865
1725.368828867926
1542.1324490000002
1504.5573340372666
1545.8819771604935
2005.4735384049095
1706.9631524999993
2030.3605441212128
1273.2314786144584
1574.8610891017963
1942.7893715476187
1270.7147942603551
1437.6233710588224
1404.9167787719296
1778.9501793604638
1886.0376420809253
1478.0544499425275
1700.7202456571424
1597.3538794886358
1454.5061151412435
1819.4628835393269
2090.9594553631277
1419.2933092222227
1935.1362800552488
1888.8656002747246
2315.592337540983
2241.5529629891303
1839.1362521621625
2151.486107688171
1947.2558516042782
2266.502814255319
2069.6036904232806
1487.2362899473685
2576.7827754450263
1566.126816145833
1987.354628393783
1731.873030515464
1796.3475100512808
1387.1785690306117
1867.6258754314722
2294.874127020202
2039.17574839196
2044.70772585
1465.7269239303478
1553.7097587128712
1923.2484072413788
2437.1850198039215
1928.9098088780486
2134.117997766992
1652.810569516909
2130.182688653846
2134.7047328229683
1538.196582428571
1711.6612559241705
2190.2076449999995
2391.4735777464775
1852.2026320093455
2739.0668552093002
1335.5723024537035
2274.403117050691
2456.6953827522943
1796.1588148401822
1452.891026318182
2269.038823665159
1717.7252209459464
2119.4900668609876
1930.9115373214295
2424.2255713777763
1762.022106814159
1581.3243314096917
1912.716705657896
1671.3574965065498
1522.7325102173916
1384.096611601731
2706.5912149137935
1405.0641412875548
1729.9434797863237
1673.7438989787224
1491.366417161017
1790.4529236708868
2337.5505943277312
2115.8290344351476
1794.769390124998
1986.1079474688795
2201.637597975206
2300.599710452674
1353.821980245902
1582.5426967346941
3014.604969146341
2606.3407026720647
2026.1470147983866
1726.2102624899603
1652.8457904799993
1978.5906910358576
1604.7686026587305
2157.1374924110664
2257.68634496063
1929.8274087843129
1684.0750887499994
1570.4884678210112
2137.2120906201553
2025.2558197683388
1931.2630171923086
2857.0184101915706
1596.2169566793905
1998.4162234981002
1775.9570523106067
1884.3346569433957
1856.7375919172923
1555.2681566666665
1818.924092350747
2481.337875315985
2215.4676208518504
2354.3842250922507
2133.6256055147055
2564.558556630036
2533.1290660218974
1806.4463061818176
1825.306831630434
3175.716934657039
2084.9614818345312
2679.3150960573466
2102.1650821428557
1980.8618009252655
2204.052224539007
1869.0763771731451
1922.419662429578
2226.6581618245614
1989.255113951049
2416.9907252264807
2638.5743646875
2025.9310531833908
2525.5353557586222
1977.3865369759453
2098.7397528767146
2373.166201979523
2147.867151394558
2230.0272778644066
2369.3120277027015
3226.405348484849
2125.511618993291
2504.7343884615366
2507.1477121333332
1813.2374564784054
2032.8063753642368
1803.3541308580866
3047.661161447367
1888.816412131148
1817.3123594117644
2134.619400553748
2540.111510746752
2078.837577249191
2205.033044806452
2056.694422765272
2277.855055897437
2382.9000876038344
3593.6891259872614
2108.340554031746
1565.876390126583
1788.005865835962
2725.56705845912
2108.8858603761755
2038.5846847187488
2005.5011786915895
2076.575067950311
2491.117896749224
2362.412715061728
2366.8322547076914
3140.7639339570565
3045.335950703364
2190.6350146036575
2368.116551610942
2000.6506916969693
1911.3009526888218
1545.939639126507
2751.011636396396
2462.384200568862
2075.2420173731352
1798.1171064285718
2408.7848844510404
2269.2777648224846
1580.3897202654873
2099.5633863529415
2114.162522082111
2742.7482721345013
2210.426024023324
2011.4314965988356
1863.6603493043508
1979.8151266184962
2249.9490510086453
4415.75904146552
1890.5015054154717
2043.6294221999992
2561.4930897150984
2215.6807829261384
2189.892018413594
2463.169799576271
1959.7495007605653
2669.746609971911
2406.854525602242
2645.0797590782126
2625.479321169916
2122.5843491944433
1930.5889365096955
2596.5124264640885
2741.435364104686
2269.221055769232
2197.8289497808214
2378.388190327867
2429.4474439782016
4215.872891304352
2434.4127836314365
1720.305355000002
2930.2165910512144
2568.857650833333
2266.17266699732
3053.9283558021402
1946.9658293066661
2871.40877949468
2328.733279230769
2240.1316670899464
2898.5054686015815
2004.7389720263166
2768.1319453280835
2385.0937471989523
1760.7024526892944
2453.725858723956
2299.9339991948054
2107.100120803108
2615.340485090438
1923.1415554896905
2181.3056951413887
2349.5666409487185
1988.4664919437353
1995.6625564795922
2152.272228015266
2418.746203401014
2170.33902265823
2458.637843535354
2544.3785662216633
2848.4050253266328
2618.496349273183
1905.34767725
2897.640664339153
2690.9723903731337
3067.1641192803954
1643.9529857673276
2416.3683678024686
2142.4950125123155
2953.7092177886975
2081.182058848037
3213.6873657212695
2422.993996780489
2269.4266854257903
2311.575815048544
2220.121811525425
2413.954065748792
2400.5296231325297
2861.312827908654
2494.094003884891
2992.795949928229
2087.046585584726
2308.0058820476197
2573.895716057008
2270.112132203791
3695.7693390070926
2700.951800400945
2752.1878670352953
3038.7650776056344
3812.1280853161597
2054.106013294392
2572.8450826573426
3637.447879348837
2416.6483235498836
2705.777756597221
2913.666472124714
2931.96847760369
2677.6614729655175
2241.1299265596326
2408.5088108237983
2172.820645342465
2192.1724314806374
2308.32074972727
1855.2430104081627
2817.89241545249
2588.762895598192
2431.645181824324
3137.008386134833
2316.711753901345
2332.70916395973
2287.796785267857
2334.094288685967
2241.476384311112
2573.8632549445692
2210.484744115043
3111.766963046356
2429.7199038546287
2429.8918595384607
3209.0842008771956
2827.3091396280092
2168.410844825326
2771.7893023311553
3061.37085469565
3267.852427917569
2408.348609999999
2565.8969102159863
3185.9395397629323
2062.626043053763
2457.31034551502
4091.904168693791
2061.78736025641
2687.679771705756
2614.1850637021284
3093.438246878982
2397.273669682202
2391.492918160677
2294.083629261603
2222.2794013052603
3546.1559342647033
2309.9018277148866
2583.5536610878653
4533.899447974946
2475.9941677916654
2375.2612812474017
3008.254727925312
2387.0577956107654
4531.875173202477
3365.5696285154636
2189.8459082921804
3734.791198377822
2373.752894651637
2734.488540531697
2603.6952312653075
2271.2935387780035
2788.496061890246
2961.626738478703
3200.3749924291506
2921.637330000001
2850.1861718548366
2665.0092556941663
2966.3424007630524
2213.7780096793595
1898.0128474600008
