1112.88513
1070.72199
1082.7263766666667
1111.7879424999999
1243.256672
1066.1129233333334
1195.7879757142857
1212.12656375
1206.8811444444445
1160.9580849999998
1202.4533363636363
1195.5599800000002
1225.5514353846156
1122.164655714286
1217.2570286666667
1240.366010625
1163.7182858823528
1154.5752255555556
1321.10508
1312.9906785
1211.0751723809524
1273.5728881818181
1338.9549426086958
1378.9208729166667
1388.7765592000003
1253.646561538462
1500.0705755555553
1411.7157025
1487.9395637931036
1598.5111393333334
1455.652880645161
1465.0207093749998
1578.7175675757571
1690.2829576470588
1678.577778571429
1605.004959722222
1383.2024456756753
1459.0848273684212
1537.116103589744
1825.413103
1513.0807617073174
1658.1050092857145
1719.7558976744185
1652.5697395454545
1489.9732888888889
1510.7214884782607
1623.9290982978719
1580.7744143750006
1733.3403722448982
1563.7906088
1846.4652743137258
1597.9665598076926
1940.6396688679242
2066.5174761111107
1900.4917110909093
1762.425296071428
2007.6000968421054
1849.185192931035
1694.6454069491522
1961.7546405000003
2005.5002886885243
1977.3602877419353
2171.3814331746034
1931.9297935937493
2095.3961267692307
1772.4782765151517
1645.4670307462684
2225.342443382353
1810.8541772463768
2033.371222714286
1843.9573954929576
2182.1301212500016
2076.5444926027394
2023.572388648649
2138.6536342666673
2773.2327101315786
2042.7302348051944
2620.5256692307694
2149.7787544303787
2444.053478375
2495.1472253086426
2178.3024576829266
2273.74505253012
2701.710788809523
2300.3954601176465
2374.386271046511
2162.33245275862
2516.95580875
2352.2486439325835
2537.7648824444436
2077.864027142857
2456.639226847826
3156.9601686021515
2440.8782521276594
2190.1931079999995
2648.869804166667
2485.5523035051547
2358.7883661224487
2692.622012121212
2602.8003796999997
2917.4291134653463
3011.10620372549
3071.8025979611666
3236.23245375
2926.736138571429
2265.7263967924528
2774.9168327102802
3050.2561586111124
2436.1220266972477
2236.7499530000014
2891.3157324324325
3019.5354137500003
3096.1990538053087
2568.6251535087727
3441.900041565215
3168.2893700862073
2989.887650769231
3077.425653559322
2880.6994352941188
2697.944981000001
2986.3594324793385
2977.7143455737687
3347.2453559349597
3457.3661308870974
2976.7014963999995
3200.8866296825386
3237.3464466929127
3128.9142414843727
2643.477090775193
2991.9029787692316
2791.687830076337
2482.3352056818185
3103.640045263158
2994.170348358209
3003.7493394074068
3167.4500818382344
3064.3272099270066
3285.5974720289855
2924.443003741007
3408.385320785714
3277.0321643971633
3313.6224795070407
3299.56618020979
2586.6254777777776
3406.4787061379307
3302.4510239726033
2821.054161904761
3121.5777812162155
3137.478920536913
3045.3894585333333
3826.4848715231765
3563.690056710527
3074.176990915032
2965.6263075974034
3012.4516536774204
3386.9749594230752
3453.4308566242016
3388.263473670887
3422.9144498113214
3354.2939791874983
2910.0679006832297
3126.226074259259
2917.3108167484666
3674.6233290853665
3301.9946929696985
3411.7499462650635
3305.7036603592815
3250.694331964286
3792.6746591124256
3211.4955271764697
3915.3467576608186
3261.550387558139
2923.2984709248562
2634.5820291379314
3337.329531657143
3429.8530443181835
3578.579452824857
3222.9876137078654
3633.1227660335194
3956.306892111112
3660.588348563535
3894.476761318682
3793.8522197814204
3845.526142391304
4094.8447672432435
3781.2209279032254
3738.182709625668
3724.5139320744665
3866.1600184656086
3599.4209825789458
3718.8147802094236
3692.993271770833
3498.242406373058
3905.3810002061855
3621.839365846155
3295.587349336736
3857.1061540609144
3859.9095442424255
3981.7073382412063
3697.313342150002
3935.8521777611927
3653.867182029705
3576.9915895566483
3669.9638874999987
3667.8371089756088
4330.291152718448
4028.8028478743954
3558.1314939903846
4105.55577344498
4407.773763142855
3844.1414688625596
4029.51980004717
4098.357111549296
4205.092183177572
3769.2245686511637
4022.84542111111
3874.0920773271896
4070.0254974311933
4167.668227077628
3304.5573247272737
4533.223648778278
3715.1627297297314
3715.039218923766
4372.298694642857
4032.4837439111107
4179.306364601772
3965.4333933039643
3845.4601276754393
4719.571088733626
4180.33010152174
3103.8457200000016
4305.213207241378
3641.201423004291
4079.4450824358987
4088.400958382979
4100.612818474576
4207.88858257384
4127.9234723949585
4243.848452677823
4416.690512458333
3976.591555560169
4306.45851557851
4672.927404403291
4533.835407254097
3855.677532408164
4327.545791097562
4085.4428844534405
4762.318623669355
4180.077299598393
4348.5379658
4138.885404023904
4444.427875912697
4268.746208735179
4280.199337480316
4217.087438039215
4607.595264179686
4413.647940778211
4049.6717580620175
4253.224593474903
4244.846937307691
4598.213766781611
4663.711866717558
4561.803672623571
4354.548130037879
4359.968820264148
5163.311554172933
4703.969375131087
4518.2349151119415
4849.21894936803
4289.533407333335
4300.480841697418
4267.93842375
4130.5439377289385
4987.74663678832
4444.362995563636
4388.734572971015
4292.021308231043
4108.869926906473
4667.459471792115
4841.811155107141
4162.99720647687
4613.486785070925
4398.296361837454
4655.65885559859
5026.500503052631
4677.000987167833
4222.399415400694
4874.078981631946
4876.113844359862
5126.903101034481
5117.791304639173
4826.186767739727
4522.491530341296
4549.961790272111
4657.536244677967
4950.774864324325
4819.967976531989
5168.513665973157
5176.671451137125
5029.187168166668
4408.555125249172
4685.565951291391
4599.806863300329
5147.707851907898
4850.509108655742
5264.64142
4720.624346156351
4991.442995259742
4711.607232750809
5295.42327793548
4704.587441189712
5068.539441121793
4911.402604313096
4844.594312707006
4763.819981555556
5226.387264462027
5463.336750378547
4859.576391163522
4583.734812664576
5115.161648187499
5419.393938442369
4782.040496552796
5242.482411176472
4882.995291697528
5217.03887153846
6397.956960429451
5317.312325565748
4731.410867164635
6289.676465015196
6277.941165454549
4858.875116072507
6969.209835030121
5824.672868198203
5239.342210748503
6030.79141271642
4865.502974107144
5613.34445305638
6200.001213136097
5328.169775958702
5727.263874117646
5377.158862316717
5521.291515116962
5671.517553615159
5186.653108575582
5828.583317768115
5748.08354060694
5684.2139404899135
5204.387777011491
5141.837296819484
5282.198540628569
5300.78108769231
5884.462497812498
5292.961789575071
5538.616642118645
5317.391789267604
6408.505433707867
6339.651798515406
5280.639481787713
5756.494490529247
5259.3461390833345
5557.887819141274
6317.542774171276
6233.878910798898
6029.837018818683
6767.585135506846
6291.265063360653
6639.621675286104
6007.5661444293455
5732.2212182113835
6828.485186351359
6011.5435945013505
6225.694089489243
6756.052776005365
6557.291233983964
6511.58833253333
6032.0731881117035
6487.819127267909
7035.399944814816
6171.359093535619
6076.542505473688
6029.597467112857
5753.482606335078
6707.635791958226
6196.909148750004
7159.441125324674
5074.666442227982
6087.020007235143
6287.99699384021
6361.385041336753
6152.315835871795
6153.126839616367
6048.613144821428
6353.210670458016
6233.620156649749
5652.5402128354435
6910.801549141415
6258.697134307302
5746.702336155772
6517.720612255637
6917.687548875003
6632.139699975058
6489.2201580845785
6248.025048188586
6518.107430717823
6326.9695417777775
6548.071435935958
6914.402551031941
5682.081128357844
7394.222306063571
6219.396881756104
6681.341720754258
6876.486494660199
7314.27237268765
6680.086642028988
7176.554844506018
7330.6521666826875
6379.395662206233
6158.462128086123
8079.662372744631
6120.783586523808
6272.943108432301
6791.633615308059
6517.619804728133
6488.024604929246
7363.830307364711
6259.044223826291
6790.220426604214
6250.408872640189
6590.011747342654
5511.331396279068
6366.932311670531
6701.098355833329
6188.158162979215
6789.843046198157
7250.431758965512
7078.547318669727
6682.309454118996
6235.181922146112
5687.218985444192
6937.8717379318205
7363.309130453517
7782.765433959278
6656.152997268622
7080.183955540544
6545.492289752817
5930.431346278024
6823.614568501123
7167.008005937499
7157.957241937642
6558.688892755556
7246.368932682929
7351.9835129424755
6718.462015938193
7296.594738832606
6766.870595274727
6728.493014802629
7477.411754463895
6965.492766397377
6653.012181633986
6859.759641717395
4549.075534121473
7039.069038874468
7006.106825701941
3572.7930044181076
6134.184644494619
6955.131974206006
6868.5223562098445
6716.889623803417
7201.883425266524
6402.703767638295
6681.833818683649
7902.017647118646
6667.806504968284
7056.937362278481
6800.677799473684
7134.208503886556
6968.2738330398315
5612.853498640172
7793.310689728599
7994.079404666662
7487.950151767157
6604.283940954359
7590.648554078668
7247.451868780987
6773.801982350511
7295.074470802471
7070.435962464068
7896.384766598352
6862.423159120661
7660.369540571429
8004.234411303457
7210.256818922768
4995.066258215009
6853.77285663968
7408.5314897979815
7877.95612429435
8145.650867927566
8091.379632108436
7184.911880681367
8307.623308919996
