1158.09452
1066.382515
1239.67287
1077.2907325
1096.568366
1237.8370433333334
1205.2258557142857
1208.89145375
1201.950477777778
1153.4023849999999
1311.6710536363635
1134.4504599999998
1224.7224476923077
1183.3668907142858
1083.1306266666666
1248.999808125
1265.0520576470587
1331.2642255555554
1388.611907368421
1324.9343025
1538.0225695238094
1350.2404150000002
1297.8244195652173
1494.85838375
1230.3980212
1421.5179684615387
1244.9511325925926
1322.1911764285712
1706.860854827586
1281.4161560000002
1622.3318922580647
1641.1081296875002
1770.0930003030303
1572.922290588235
1802.528134285714
1437.578007222222
1552.6388059459462
1545.7653710526313
1922.2211441025643
1528.4514969999998
1602.2726139024392
1678.936829047619
1571.6766025581394
2028.2252113636364
1826.4730757777772
1796.8265139130438
1682.114735319149
1703.8132660416666
1704.9295408163268
1806.1038427999997
1572.0053643137257
1893.606308846154
1899.4905050943398
1727.4682398148148
1938.0519501818176
1981.5906199999997
1766.4958654385966
1972.2265077586205
1683.803009830509
1770.8324011666668
1816.180015409836
1959.4021172580642
2331.832694761905
1863.1292368749998
1870.5550936923082
2101.337746212121
2433.6260871641784
2240.2675645588233
2205.7230882608706
2435.9827328571437
2021.6822738028163
2217.651811944444
1881.7298886301378
1940.8976766216215
2202.6412653333327
2213.684251578948
2539.7914974025966
2152.0694561538453
2388.9541172151903
2235.009917249999
2395.053629135801
2277.656190609756
2155.750938072288
2381.1406451190487
2262.435064235294
2676.3066412790695
2310.8658581609197
2267.909274659091
2545.558992247191
2562.3651552222227
2320.766909230769
2636.9657579347822
2504.529509569892
2571.996315106383
2440.9754652631573
2164.7465654166676
2154.242455773196
2540.570111530612
2443.436845959596
2431.3865765000005
2836.0397511881197
2899.4824433333347
2522.917798349514
2551.3936470192307
2429.3837833333346
2827.9742450000003
3095.908879999999
2849.023885277778
3028.1763074311916
2683.767737636364
2738.8599873873877
2858.009733571428
2616.06980221239
2709.656161666666
3015.838584782608
3188.9288581034484
3031.332472564103
3090.08910322034
2969.709597563026
2969.5521177500023
2690.0344524793377
2939.701498360656
3258.544891707315
2962.99960516129
3091.2666306399997
2958.1367374603174
3078.571907716534
2764.237808125001
2576.7473852713183
2727.3474040000006
2531.388647328245
2985.3410231060616
3023.947483609021
3264.9569997761187
2822.842825999999
2517.711795588235
3486.1139908029195
3186.285859347826
2888.583440647483
2427.0272745714283
2617.009940992908
2916.3981322535205
3558.309911188811
2964.882515555554
3283.70542062069
3057.823618013698
3281.013663809524
3148.124059189191
2837.753220872483
3434.4953589999996
3017.306194966888
3301.052179802632
3536.9713773856206
3261.8964984415566
3220.4951434838713
3103.3062757692296
3199.4465081528665
2914.3017774050622
3305.8629615723294
2844.4952325000004
3157.5415234161483
3218.029543209877
3007.9444472392643
3223.5450495731707
3455.2278083030305
2741.778308433736
3156.338886766468
3619.6494947023825
3324.0541615384623
3430.356333117649
3186.011129298246
3386.559397209304
3613.4224882080925
3452.4019968390803
3698.1209928000007
3445.8534687499982
3633.7324477401135
3440.8422834269677
3150.6667793854745
3407.8166846666677
4417.120785911604
3492.7221161538464
3058.3001923497272
3864.965033586958
3480.1198518918936
3735.3907489784956
3570.0279531016054
3623.991003776597
3274.05959137566
3801.804387315789
3386.4627870157074
3619.1030282291686
3716.0778020725397
3745.212164072164
3829.745308666665
3741.9329580102044
3785.5980200000004
3403.34940449495
3798.7769067336694
3750.7268323000003
3868.9725205472623
3606.576887326735
3954.427760344825
4395.36924504902
4172.813568878049
3868.6514140291265
3869.747212705311
3286.782327932693
4036.7551933492828
4060.975595523809
3688.352824265404
3891.7139615094356
3979.150989389672
3780.466985514018
3480.16849344186
4764.555717314815
3558.182133778799
4601.535603348624
3901.5039212328784
4072.2514269999997
4314.826040452491
3884.0094746846867
3563.4143766816155
4001.747532142856
4105.785072000001
3981.5940912831848
3734.6562971806143
4675.232238903509
3826.0676568122276
4480.287113652174
4327.95563991342
4046.144774137932
3693.0160350643764
4398.824364273504
3798.001946212764
4124.816716313561
4324.793324345991
3627.3685321848734
4477.5046331799185
3782.1115021250007
4373.813649336099
3981.3392042975206
4630.011395596708
4033.976935327868
4461.489600612245
4119.510890528457
4313.1398655870435
4160.952227580645
3937.1333728112454
4427.735067359999
4131.987631992031
4400.93277595238
4574.165887233201
4733.477275944882
4973.87113070588
4536.787712539064
4373.410825447471
4507.5770563178285
4213.894751467183
4152.447153576922
4791.427746321842
4127.801317862595
3953.7270348669213
4441.768447878788
4342.374698037739
4738.631116090226
4208.920550561798
4681.161089402988
4384.283455687732
4936.85047977778
4483.389478634686
4827.998718492645
4983.913587875457
4128.0675408759125
4850.564607927275
4807.645315652173
4458.591230613717
4570.034752625899
4589.88003817204
4572.046355892857
4603.781090249112
4495.337613368794
4693.070034876325
4777.082208697185
5681.086468631579
5483.630284790212
4642.37084909408
5421.215765138888
5393.250419930799
4516.045230517243
4780.635851752576
4911.54982691781
4566.450493890787
4749.152890714288
4329.3529913220345
4720.337601858105
5108.517567575757
5321.234981375844
5853.137798963214
5435.042083166666
5377.755703754152
4975.028516423843
5241.763699372939
5187.731420032896
4494.9270000000015
4828.32751839869
4687.724210162866
4947.700200389613
4947.428556148867
5125.912699451614
4924.937459356915
5234.913312339746
4921.160798945688
4743.243872993629
5221.092613015873
5159.771230284812
5398.06575760252
5516.695674654087
5393.42233523511
5147.358804687499
5253.006967040498
5690.754240124226
5000.658215356037
5136.723046728395
4871.829020861538
5348.940770030673
5197.015588960246
5637.2722456707315
5746.617645258363
5168.8743066060615
5656.564818308159
5620.728142168675
5365.673936996995
5024.977852844314
5802.177746626867
6730.430078601189
4964.389947952522
5157.901814940825
5639.324592890859
5354.209547882356
5598.726764428151
5415.007262865499
4978.531098892129
5341.661355610466
5704.352400231883
5254.910291531795
5815.050011469741
5728.778212126437
5370.2531991977075
5734.079386542857
4668.276294814815
5705.180372130685
6085.213455070821
5702.007317146888
5601.836385323943
5669.721428089887
6010.680520616247
5831.748541284919
5472.490075682453
5422.734762083334
5593.156082049859
5517.039502845304
7133.324462424244
5741.6997046978
6011.653146164381
5320.903727349729
5783.7155930245235
5503.153513722823
5657.3174447425445
5672.072706945945
6003.976103072777
5543.980068467739
5777.25118091153
5823.376800641712
6358.833111466664
5820.530768484043
5721.143841750658
6484.723061825398
5652.288045883908
6451.654797815785
6755.974380629922
5725.51027065445
5820.553220078327
5641.817218645832
5413.192970311688
4834.530187150257
5647.615446175714
6037.996474175258
6306.762352904891
6003.693351512823
6815.8210199232735
5855.51976122449
6061.737209796435
5872.797458274108
6443.994189924052
5970.591424419193
6137.326276750635
5830.980717085428
6783.250555814536
6319.586676425001
6968.5971883541215
6337.179438507467
6474.110297369723
6187.973809702965
6029.1788048148155
6742.625785270943
6085.981660786241
6510.3981857598
6367.42230770171
6057.901651975608
6007.653635936739
6600.420602548546
7606.981561113803
7289.318807391306
6749.81078106024
6524.501976586533
5545.720972230215
6010.90303205742
6438.43464548926
6068.384172214287
5093.035679691214
6976.975457819903
5755.86215104019
5880.648436580188
6722.182637976476
5787.403233145542
6432.107297306793
6441.588766869158
7264.975109720282
6916.426515302323
6941.747427494198
6570.44447152778
4118.601868683604
6361.105546635946
6716.796531402295
6655.6187505733915
6536.891203318077
6208.226621963473
6206.5486219362165
6276.137907454542
6456.490362698414
6189.47328690045
6633.360839367947
6376.616445135135
6310.86081298877
7000.623953542604
6843.665490514539
6430.935443883926
6600.0373681069
6968.270074666662
6989.3530163636315
4714.177610973448
7307.4170447019815
6592.3638668281965
6850.737373604392
7379.607196162278
6254.756262428888
6704.6808834061085
4611.303638257083
6258.793252478259
6062.140867874188
7043.8168331385305
8294.148936198704
6545.788916637928
5245.6532372473075
6853.023127939918
6655.636670835119
7029.507948397432
6983.3346344562915
6593.666633404258
7026.615833842882
4728.076807203386
6705.299331649048
5128.126895295359
6810.999918252628
7075.486615756303
6807.811869517818
6812.269116297075
7102.670893465554
6275.697524104166
7126.067804303532
7746.903973008299
8647.061440600419
6881.586628657021
7353.367819072168
7012.650238559671
7561.6228591786485
7187.432068811478
6495.910129366053
8009.302265714286
7436.234876313646
7728.5102627032575
7178.4116778499
7499.571207550612
7803.007443151512
7121.568411532259
3686.939417665994
6205.137203493967
7992.555568256508
7210.127774160004
