1185.52724
1298.521995
1132.1821866666667
1196.7895675
1172.984226
1210.0067716666665
1093.2469228571429
1141.40580125
1219.8785944444446
1197.725405
1181.9902009090908
1222.5585516666667
1186.621826153846
1126.5410814285715
1164.2707853333334
1208.987163125
1265.1404470588236
1191.8987011111112
1137.3063857894738
1357.4247565
1328.477231904762
1172.2647245454548
1309.323115652174
1505.05944
1250.4276032000002
1211.4797923076926
1126.5864366666665
1310.8798839285714
1309.4538568965522
1342.4544466666666
1253.2377719354838
1229.4751065625003
1221.3187003030298
1312.6603711764708
1154.856365142857
1244.7780174999998
1247.3068564864861
1270.1118423684209
1335.5643489743584
1215.1502370000003
1167.4084229268294
1174.7454128571426
1200.7284509302326
1347.8082988636363
1162.466752222222
1224.2585710869564
1346.9781091489363
1160.7469947916663
1202.743727346939
1447.5311161999998
1425.2820407843142
1413.8839311538463
1316.8000690566034
1243.1380355555555
1367.4918825454542
1376.1408141071427
1488.2624471929819
1118.7277729310347
1246.5755281355932
1208.8678471666672
1228.0456754098363
1214.4572080645164
1274.384913333333
1251.5391645312498
1212.6644410769236
1222.339157575758
1308.8895188059696
1213.2992766176478
1626.9502372463774
1327.993021142857
1354.045991690141
1330.410913888889
1388.9002294520542
1432.5143087837837
1490.8925305333335
1250.2487859210528
1321.110372727273
1417.7319388461538
1183.9304282278483
1305.4801408750004
1338.2056803703706
1293.1881402439026
1273.7262613253013
1274.8378982142847
1405.3577160000002
1948.3011348837215
1346.3247171264363
1591.337645227273
1729.189171910113
1325.852398333333
1258.5556385714287
1225.9468550000006
2024.8388994623651
1566.1859359574469
1250.69383
1176.4055424999997
1813.3689034020624
1473.269690816326
1280.1267244444448
1326.7591407
1669.0855924752468
1508.2927560784315
1886.3505247572812
1621.8863472115384
1399.96931
1205.6840780188677
1223.1197729906544
1650.198387314815
1259.965750275229
1256.4095759090915
1501.780254414414
1659.4114899999997
1635.7087579646018
1528.724624473684
1344.0859542608696
1526.6043477586204
1888.7960171794873
1400.163904661017
1263.9562775630259
1404.6724105833332
1702.769462727273
1630.0482085245906
1996.677035528456
1331.349861693548
1718.6886983200004
1785.9809614285714
1603.310245748031
1463.1201999999998
1573.11466131783
1824.8823524615382
1854.4158332061074
1318.5822006818178
1244.433122781955
1604.9002759701498
1845.2516617037036
1980.364237500001
2187.6211275912397
2010.8252750724635
2045.2143668345325
1560.818639071428
1874.8538213475176
1746.3699167605632
1778.161102657342
1336.2217740972226
1518.421743103449
2093.2617254109596
2274.118851564624
2166.6544016891903
1321.622732818792
1444.2461962000002
1697.337956357615
1989.0741980263153
1510.2955388888893
2771.7234893506493
1759.0486026451608
1746.794575833333
2228.0426719745224
1510.126031139241
1695.257946477988
2186.2427778125007
1551.0718573913045
2181.8707101234586
1771.3971371165644
1792.885001158536
1568.4759717575753
1477.1445660240963
1792.529290359281
1889.0372614880955
1609.0547131360956
1377.7676792352943
1789.2471104678368
1454.908314476744
2040.812196705203
2512.3885399999995
1404.7890494857145
1908.4326773295454
1690.8854726553673
1713.8470215168527
1397.7855335754189
2336.031217722222
1868.5802086740318
2378.5350809890115
1717.973720437159
1622.7175546195651
1903.1514104864866
1768.7106103225801
1810.1019092513372
1729.27341675532
1819.4176698941799
2220.747112052631
1961.7039242408373
2533.8049429166654
1856.3406097927475
2071.4392460309277
2306.5205655384607
1769.0443759693883
1582.9657114720815
1551.2769007070704
1937.8771672864318
1914.1140386000013
1932.4250203980098
1713.234291287129
2121.4397855665034
2060.321601764705
1837.5056900487816
1355.0868443689321
1841.4184804830927
1747.5846868269234
2632.1870858851667
2097.427286238095
1652.9914787203795
1876.3998718867908
1481.8955273239435
2262.3536820560767
1915.220233860465
2629.5121564814813
2002.16256281106
2179.7923693119274
2232.115095753425
1709.1794900000002
2063.742574434388
1831.367408513512
1993.7651007623333
2077.7826635714277
2181.1480735555565
2032.850679778762
1929.1545063876645
2277.964416710526
2586.9920082969425
1869.251095652173
2309.5469854545454
2577.9369130603454
1807.9559813733913
1697.366342564102
1790.4057859999991
2363.2189497881354
1712.382998227849
1981.0497167647065
1929.9187551464433
2190.2024832916645
2443.757511618259
2692.0795180165287
2431.4226190946506
2069.599721721311
2277.8720574285708
1947.0056184552857
2094.830087975708
2010.9985077822582
1827.08880313253
2147.13028368
2205.8877466135464
1688.6065705555552
1778.773091541503
2685.8018647244094
2655.6301429803902
2141.028785781249
1623.4706582490267
2235.102077248062
2463.504724671815
2223.1800716153857
1814.8008909195398
1840.8306425572514
1935.9319496197722
1789.9472055681829
2156.464488679244
2640.8843103759395
2131.217973932583
2376.425790932835
2526.8102315241626
2287.423167481481
2632.4350091512915
2618.7321788602944
3191.6575014652035
2449.9895412408755
2402.7351512727273
2585.618499891305
2116.9684533574014
2198.3975192446073
2597.0017502508963
2014.6324093571436
1717.0224124555161
3278.101842198578
2349.092918409893
2351.8647059154905
2002.7372796140353
1864.6706669930068
2448.0118994076656
2117.616327673611
3401.756016678199
2128.7215537931042
3271.8000566323053
1844.9338756849322
2320.855683617746
2447.540542210885
2608.3519948474573
2098.8428781756766
2394.7951598316486
1821.5496977852356
2601.158977357857
1915.581639800001
1980.5035312956793
2309.7449433112574
3162.9036053465343
2792.332539374998
1966.319482721312
3414.590745326799
3105.4483534853425
2351.63063948052
2564.554877928802
2246.0810844838697
2183.6954595176853
2525.567895641026
2490.812265495206
2226.4596617515917
2380.0824390793655
2216.64479370253
2121.6865242271288
2764.397035
2319.575448463951
2928.1880070937464
2049.217640591901
2800.6736873602486
2622.6111473065002
2033.9267661111119
2404.140153907691
2538.717511441716
2127.6045191437306
2107.2913358536575
2748.6060374468075
2318.1814387272734
1963.8661998489417
2283.8052129216853
2702.3043118018018
2603.9366049401197
2686.8435907761186
2678.523030595239
2113.9529408308586
2616.901793609469
2475.8555868141575
2338.6764812058836
3263.404370938418
2550.0476310526333
2048.284397026237
2150.6012730523253
2762.790539594201
2787.861314306359
2027.7330532564831
2990.7930699137914
1764.408865530086
3200.525780628572
2212.8403084045553
2431.520837244319
2029.6961715014158
3370.9522417514113
3190.756904816901
3685.141228904495
3015.9206675910345
3053.080927653631
2784.285464763233
2212.6687907222213
2558.1193413019373
3234.7139537569074
2511.8794799173547
2591.1665450824166
1826.5640767945213
2319.738095628415
2573.4844128610353
2274.4896789945637
2535.041663523033
2374.9652829999995
1928.8465018328848
2757.8667898118265
4467.737932037533
2105.2413017379668
3674.4657440799965
1984.3656708776602
3259.5083039522538
3092.920027460317
4161.327268311344
2686.256204684211
2929.21025422572
3727.5844854450283
3339.2117463185377
2899.1270780729205
2400.416402727273
3631.1232203367877
3285.9423148062
2889.2644811340197
2656.8670408740372
2340.283340435897
3046.1287329156016
2610.4856341836735
2930.2321546055973
3034.542512588832
2899.7082690126567
3143.9061926010063
2405.0335025440813
2840.6446730401995
3672.5204430576428
3058.223402874998
2201.9117757356603
2376.5440831343285
3494.796338263025
3480.971694579207
2898.4382330617264
2630.8764512315274
2250.4200003194096
2053.2872478186277
3655.1395473349635
3520.863132780487
2043.2194764233586
2934.35118283981
2814.0433756174325
2652.1499088888886
2334.1343129638567
2845.3949092788444
2716.320847865708
3183.4456944736826
2605.014357470168
3250.882006261908
2979.364239121142
2507.4645204739345
3337.00278534279
2026.213637240568
2036.435954094118
2696.6264774413153
3034.3126814051507
2925.0306504672885
2646.9516270396243
3058.9944506279066
3309.689541020883
2511.3798772222244
3001.3226115473453
2928.614159976957
3036.3798052643683
3042.0190353211005
2844.446418123571
2998.216701757991
2138.572877722095
3140.653829977275
2464.9164807256234
2739.8112142081436
2457.2005085553037
3530.644384662162
3064.4171673483147
2960.182054035874
2530.67189375839
2014.600676227676
2682.488854721603
3548.8379912666696
2736.3259536585365
2825.4810379203523
2688.497155695364
2625.925601960352
2678.958859032967
2355.11151864035
2659.440249365429
2635.6204212445405
3623.4936378867123
2365.6330022173915
3056.9115203036895
3720.3072760822542
2825.618221403889
2827.921241336207
3360.7779948387074
2718.19540716738
3547.944313683087
2937.524088333331
4119.166028422176
3262.2942662340415
3571.5014740339707
3354.352435826269
3379.994174693447
4088.7020758438794
5420.314689389472
2419.6563209453802
2719.885080838574
2618.090852050211
2580.1052918997902
2737.550473479167
3570.5283238461548
3432.2192915145242
3189.2841287577608
4058.859150061982
2706.0622317731954
3387.1574727572
2892.8422531622173
3396.718379200819
2878.5009552965225
3606.719703061223
3120.7968183910384
3127.2940731300814
3771.3926023935105
4346.03013439271
3317.837521252525
3374.6824156250022
3246.2050630784715
3087.153120381526
2859.932274008017
1742.1075655200004
