1102.11649
1064.9948650000001
1079.2025133333334
1071.364495
1123.8459040000002
1256.3020616666665
1223.7995757142858
1053.4420837500002
1045.6959822222223
1183.0237359999999
1228.7816927272727
1168.2240766666669
1246.5019461538463
1247.999831428571
1327.1688386666667
1181.37969875
1149.8833482352943
1259.4165116666666
1202.2933231578947
1202.0365575
1269.4443452380951
1314.9261286363635
1330.2424295652177
1431.0460950000004
1497.7111612
1366.158913846154
1305.7708751851853
1401.8901510714281
1567.4884903448278
1420.9702560000003
1513.1290077419353
1375.9721237500003
1451.0964163636365
1301.429385882353
1381.9620714285713
1450.8916911111112
1555.7339945945944
1389.0543263157895
1448.430244615384
1754.8343922500003
1532.43382902439
1451.6301704761904
1598.978047674419
1479.3049802272728
1476.0949893333338
1507.9583308695649
1642.7318714893618
1655.2850325000002
1720.44116632653
1648.7161175999995
1593.0153692156862
1774.2116942307694
1485.2099301886788
1691.7928027777782
1537.6485978181818
1950.5634862499992
1578.2705426315788
1627.4611408620688
1809.4004216949152
1791.6672308333332
1679.8767216393446
1684.2286149999995
1824.939065555556
1909.2136725000005
1979.0271946153844
1664.6699168181815
1866.8167908955227
2057.3315550000007
1889.283098405797
2003.2557520000003
1915.732624929577
1724.820879861111
2059.3494509589045
1848.4426895945944
2099.018314933333
1760.6391481578949
1837.4185933766237
1795.5481964102567
2200.908333797468
1995.0333611249996
2040.0310619753084
1968.9562779268294
2117.7820044578307
2374.32063595238
2023.1792688235298
1914.299186744186
1984.8250745977007
2206.5378276136357
2013.188481910112
2113.131502555555
1948.2548215384609
2038.7730126086958
2119.8828249462367
2219.371188723405
2216.5832185263157
1998.9487697916668
2148.7376180412375
2088.868964795917
2164.191997878788
2185.1077096000004
2086.8787198019804
2284.2175250000005
2235.8999963106803
2079.1790221153847
2132.653827238094
2108.965911698114
2187.9258018691585
2503.85115537037
2347.2374036697247
2407.284224
2235.7486482882878
2604.821494107142
2015.0431473451333
2419.170484122807
2465.62469052174
2341.9453576724127
2619.2567652991456
2403.459842118644
2217.0697054621855
2635.243052583334
2364.9177368595037
2631.0757718852474
2482.6088524390243
2673.682275403227
2301.4792567199993
2908.8163393650802
2269.6923766141726
2611.6254113281248
2543.409408604651
2365.693259692309
2391.238155801527
2523.6198045454553
2409.6600433834587
2475.003241492537
2518.934934740741
2840.0396402941174
2391.419703211679
2614.6299847826103
2765.471646043165
2666.4445707142854
2773.0106373049657
2456.6642757042255
2438.2045019580414
2722.648780277779
2600.157171034484
2743.8512332876708
2564.165091292517
2600.931581689189
2849.5419976510075
2922.776948133333
2876.8465077483434
2855.721625263158
2641.0339443790854
2878.3229040909096
3156.310922322581
2841.268977435897
2866.720338343949
2726.5225636075957
2954.8846215094322
2870.5447486250005
2791.708076273291
2913.3583643209877
2958.720184846625
3246.790023414633
3243.9958772727273
2894.4371979518082
2763.197482095808
2866.7360856547616
2763.4206211242627
3057.9609469411776
2855.726355321637
3080.2871598255806
3306.7964462427753
3277.5051756896555
3233.4252745714266
3575.3810661931802
3483.482430451978
3038.8850425280893
2889.6645900558665
3077.2660589999987
2873.4257091160216
3253.314768131868
3285.516677322405
3332.9763885869565
3327.072445567569
3292.767973172044
2999.6469367379677
3226.3281725531915
3074.726328253968
3161.282372842106
3148.400626335078
3452.986951093753
2919.7269415025908
3615.227392268041
3440.730621692308
3360.5908489795893
3554.764435025382
3662.403612777776
3233.3931733668355
3174.2741021500005
3255.2818656716427
3158.071498316831
3602.208069901477
3772.9171446568625
3443.351440731708
3424.716140194172
3580.842466280193
3771.3445752884622
3251.0825520574167
3080.4761293809515
3760.5488856398097
3818.8454812264163
3301.3471459154935
3418.4804967289697
3758.1603949767427
3775.8884235648147
3295.1277580184333
3385.023593577983
3048.380989452057
3323.4202997272746
2828.6155119909504
3723.2338535585545
3568.4274822869966
3297.2785558482165
3406.5886796444443
3222.506026592921
3471.7672043612333
3396.366031535086
3833.3387416157216
3422.8956959565226
3801.211377619049
3734.2483528017237
3555.1503240343336
3421.5170265384613
3511.4267477872327
3868.4528138559317
3576.8476716455693
3347.691206512603
3600.4297160669444
3495.002381708334
3492.2859321991687
4472.055715909092
3654.846493991771
3739.4955336475396
3514.11409387755
3630.6332011382124
3782.1779019433206
3866.0170294758077
4126.826848112449
4119.874060759999
3800.224880557767
3765.702715595238
3638.9196380632416
3779.7475734251984
3910.5026256078454
3929.907363437501
3639.6724922178987
3829.715506240308
3655.8483122007706
4176.621226846156
4219.08508992337
3702.525607786259
3738.6171092015197
3746.6224145075757
3819.827342452833
4106.530367105262
4092.6391733333326
3782.6875607835823
4285.89695156134
3838.0864524444446
4157.550811217712
4317.896346948529
3634.1417549816856
4251.731193540145
4443.003996545456
4325.861783985508
3892.7230342238267
4160.54204679856
4052.9660728673834
4266.8136431071425
4068.2164578291827
4286.833143439717
4251.574719187277
4204.364232605635
4338.3467921052625
4468.068532377622
4600.143311602791
4185.574989583332
3987.7770722837377
4174.8508257931
4070.3494506185566
4785.766878698631
4463.933949863478
4338.561437789114
4668.818580305087
4258.175972027026
4170.66258794613
4256.196318691273
4244.875330735786
4566.663163566666
4026.17278584718
5192.499556986754
4356.387610792076
4268.533122302631
4462.148527278688
3955.1509382679747
4953.858659153097
4298.043266655844
4823.700143333331
4311.362485580647
4729.95256919614
4778.991638461539
4511.885017124597
4489.814729745224
4996.867939809521
4330.336617468354
4678.800937160885
4575.933220723273
4466.122435078371
4515.086523187503
4165.66566551402
4547.428278633538
4994.979987523219
4858.192029783949
4598.153355107692
4642.540362791413
4849.490466360859
4639.377143231713
4690.072215531918
4753.235545696971
4644.981880725071
4879.428037198794
4811.164085375374
4189.099722365268
4896.692458238808
4834.998004434523
4708.758895816021
5145.489156715976
5312.454499734515
5156.115312794119
5061.260254574779
5599.535385438597
4733.469337638485
4389.896164593024
5037.328844000003
5170.115981531789
4936.271707089337
5230.944786925285
5291.151900716332
4694.3318231714275
5499.1963947293425
5378.059943977271
5361.357692209635
5128.869620028244
5169.591815859153
5336.187235056182
5147.721324537812
4802.820516089384
5267.455857493039
5362.386827416671
5312.016717340718
5126.525385635355
6288.730821955924
5557.4458204670345
5550.67351276712
5048.863268825137
5774.7352726702975
5642.10031521739
5180.866916937672
6031.664783513511
5584.078620646905
5121.943358763441
5462.00413621984
5330.345850160432
5436.700343679998
4948.587236702127
5708.376473501325
5556.01643227513
5712.65725725594
5696.603923894734
4932.5025538320215
5530.458188115185
5220.844434386425
5133.4565589062495
5008.621281896107
6260.162663626947
5247.397559328162
5838.740976572169
5470.004238174811
5657.89615928205
5113.611766726343
5642.117913903063
5780.035626132311
5699.417538121824
5305.899108354431
5536.628837878785
5239.705691133505
6449.2523135678375
6189.506796516289
5709.684148199996
6405.882597755611
5551.937070099499
5380.277445285364
5805.483117797028
5967.514176419752
5904.947515640398
5599.1239839803475
5807.629945784313
5864.684330415648
5437.035872804877
5879.632975352801
5600.7938749999985
5714.325675351092
6374.95134214976
5686.725016506024
5532.066862283649
5814.373008561154
6028.718721674641
6213.687623603819
5813.45893783333
5750.771503111641
5941.728906658763
5986.886329645389
5659.775549551887
6284.8998468705895
5960.9858111971835
5910.226460351284
5795.600115724295
5900.230418414922
6429.446490418604
6978.4609153828305
5923.797507847219
6019.266027066977
7391.604252488477
6622.046336965518
5855.1570244954155
6222.556554576662
6413.878110114156
6244.829409977217
5905.959642340908
3764.9354215873027
6100.424555588236
6147.651008510154
5262.033863761261
7880.565070606741
6576.772931950671
6073.05703225951
6548.840261741074
6091.444267795101
6205.206022933331
6267.102954235035
5780.479205132742
5775.7595790066225
6233.139829405287
6750.371674241763
5695.801667258776
6673.729071597376
5926.5380744541535
6250.5475216993445
6504.291425891305
6031.3415363557515
6582.756110324673
6902.521011576672
6595.850360344834
6736.609418580646
5878.721233669531
6837.013246680941
6134.787457008547
6303.997680831553
7526.69969344681
5926.51683511677
6890.446463813559
6370.330391226222
6998.400317932492
7732.586400378948
7404.101416953779
6288.417574129978
6500.679274623432
7003.174929812112
6603.666723416669
5511.8715026819145
6149.027046286308
6639.60676532091
6057.986827066114
4536.628323484535
7398.7928809053565
6960.3775704312075
6429.103265327873
6969.9925848466255
8945.815345816327
6711.370471914463
6241.203776280492
7004.310184036507
6935.970148097164
6631.846682161622
6564.114470302424
6738.579303078477
7692.855240522093
7088.844417434877
7120.34550758
