1208.86683
1224.7098099999998
1133.3522466666666
1352.682325
1359.763232
1308.01588
1232.6468571428572
1317.0771574999999
1164.7700088888892
1278.9631359999998
1251.1676790909094
1116.2697433333335
1345.4806284615386
1157.3951264285713
1331.2313353333332
1371.42968
1306.7507935294118
1434.0963433333334
1189.240747368421
1228.7664255
1321.488163809524
1331.2028081818182
1355.5112160869564
1386.4976829166665
1307.0807388
1220.1475365384615
1294.442373333333
1146.6281010714283
1313.1013506896552
1265.8264683333332
1347.338631612903
1210.7845884375
1188.228395151515
1187.2660329411763
1163.7342585714284
1228.5312066666665
1304.8526197297294
1177.077980263158
1281.1013402564101
1352.1152605
1192.6015639024388
1178.906693809524
1122.8845155813951
1191.9926090909091
1193.1632313333332
1226.7845039130434
1265.2533019148934
1429.442998541667
1286.8447885714286
1169.9069328
1175.9087025490198
1189.7760084615388
1184.6786554716982
1282.6629546296297
1255.123108
1205.733177678571
1464.2775215789472
1297.8920146551716
1192.695182033898
1317.2220469999995
1207.5964821311472
1462.2487096774194
1312.2832525396823
1155.7428596875002
1198.5450478461535
1231.8094719696974
1195.1725800000004
1258.4374272058822
1200.2310624637685
1200.4082700000006
1304.1249697183096
1567.7176343055557
1195.4466712328765
1184.8371954054055
1216.9774709333333
1917.6651797368424
1469.3345479220782
1249.830109487179
1618.8895468354433
1194.3221823750005
1238.51766345679
1516.4584581707318
1340.390622409639
1417.4387238095235
1374.8892629411764
1537.6086805813952
1394.3382390804593
1705.5321663636364
1304.835736516853
1495.5864643333332
1919.5669069230767
2049.4677072826084
1227.4069297849462
1269.5538217021276
1246.6359869473688
1396.4527967708334
1570.079827010309
1871.0196511224478
2199.387702626262
1940.3767661999996
1901.910194752475
1783.806322352941
1321.7276007766986
1194.223531442308
1198.4882817142854
1254.2135537735855
1310.8170947663552
1447.6689381481483
1778.6079699999984
2100.0952580909084
1790.872348018018
1910.4714848214287
1916.6471499999993
1386.914478070176
1577.533504956521
1386.3905406896552
2026.4716311965813
1807.546247372881
1382.944001848739
2192.5441729166664
1623.1405202479334
1357.0235042622955
1758.564339349593
1496.1081442741936
1759.9822312799995
1758.7245442857138
1804.2491178740154
1908.7544685156251
1435.296486511627
1912.6857041538462
1791.8585261832063
1442.2144256060603
1422.5296020300757
1545.2648870895523
1970.5860685925927
1956.2228896323534
2130.2778940145995
1411.5125406521747
1796.8978171223032
2115.2574137142865
1867.289951134751
1536.3044312676054
1400.8722097902098
2101.7530488194443
1415.518744206897
1965.9052171917813
1521.8424805442182
1588.1955815540534
1775.2545887248316
1590.2921872
1961.2484125827823
2115.8552068421036
2007.6882720915041
2103.4718864935053
1948.6971147741936
1441.1395951923078
1541.7570007006361
1750.6539106329117
2003.8046411949692
2099.2990375624995
2033.7814739130438
2064.5999198765435
1669.146851104293
1829.2314938414625
1523.8891668484841
1851.0727222891583
2412.0905450299415
1791.036142261905
1771.072804497041
1956.098125176471
1696.543740292398
2051.359075755814
1723.999141271677
1884.5213871839076
1870.7471412571435
1929.6876779545453
1760.7148123163838
2479.19782224719
1393.0697979329605
2057.523282277777
2152.0358361878466
1820.427163846153
2438.873136939891
1633.630709836957
1826.5157609729722
1737.2647476881723
2488.4884093582887
2318.8059727659565
2515.384110105821
1978.4585323684219
1827.0011080104714
1857.6912051562495
1893.6091386010376
1948.4680284536078
1903.0457748205133
2080.0981180612243
1902.3856902030457
1868.4867377777773
1762.2857001507525
1683.1828615000004
1950.9141396019897
2311.2579930198017
2283.472766009853
1994.2008761274503
2504.4361013170715
1860.1595446601941
1746.154609323671
1715.3786079807692
1553.2333014832534
1580.0159946666665
2499.4951881516577
1749.001138254717
1933.3926246948367
1887.9367432242989
1665.0520887906978
2473.338209537036
1614.2373511059911
1612.2932389449536
1681.344335981736
2280.840289227273
2212.886301357467
2596.12777891892
2326.1818032735428
1934.4212336160724
2261.831923688889
1930.352812168141
2516.9803570044046
1932.000566622807
2545.69826209607
1667.833535391303
1730.149783073593
1908.529244181035
1840.8362898712453
2032.0672943162408
1891.4147876595744
1753.332662711864
2924.2310642194116
3144.1812147058804
2646.7522623430955
2181.3271325833325
2649.786565145228
2295.873330743803
1849.0812703703714
2307.4927243442608
2053.9723015102036
2319.1685440243914
1649.422232672065
2687.150455040322
1851.858976184739
1960.250597840001
2479.287845258965
2909.826837777778
2192.265709881422
2045.781513897637
1517.3135520000008
3051.428490898438
2827.8490553696506
2181.3011530232566
2274.13959111969
1926.570895846154
2504.205188773946
2285.952097328244
3017.6313957414436
2732.5045219318213
2417.065629547171
2491.3634806015048
2204.0036601498127
2881.742204104476
2059.904418996282
2114.856543148148
1994.4463584501846
3396.9475713970587
2028.0633547619052
2440.376517080293
2167.0890680363627
1883.0551664130444
2227.5883713357393
2517.55997230216
3382.286278781362
3819.6546145714296
2355.4943233807826
2003.3513732269494
2264.55298583039
2519.914141549295
2223.810466105263
2254.6482927972042
1860.018942125436
2380.53697986111
2070.483500449826
3118.5140626896555
2422.144959278352
2742.7241987328794
2319.8655092150175
2754.143679795919
2386.019014338981
2838.5082354054043
1999.380381616161
2304.8270968456363
2541.925147157191
2030.5024229666665
2011.6341217940192
2188.637580695364
2537.214265775578
2500.322333421053
2273.8851899016413
3200.1207514052285
2786.4591171335514
3890.127910292205
1957.4190939805808
1949.4965553870973
2322.7942765916414
2509.6391214743594
1882.3651971884972
2847.0278029936276
2514.9510290793664
2145.4403813607614
2538.754301987382
2278.103524937107
3299.0733900313467
2795.9023190625
2555.694277009344
2100.869813975154
1913.3572488544885
2177.5114787654334
3128.3427142153837
1902.962983128835
1763.209898073393
3377.7232017378037
2628.418129361701
2337.396537818182
2081.891058519636
2920.2473482228916
2498.1086714114113
3205.3732714670646
3337.3666616119394
2719.525420505951
2900.1911880415423
2607.18669443787
2579.5007562241876
2472.8289025588215
2334.25978876833
1840.2269404093556
3225.156853731778
3025.723008110464
2297.6039077971013
3299.8251395375746
2060.4934070316986
2845.412827586208
2207.633461117478
4039.1418425999946
2886.6757411965796
1913.4658733238646
2490.9837768555253
2974.583808672315
2655.4769318591552
2446.4793905898878
3091.3396905322134
2085.320861564246
2531.4409317270197
3096.423429583331
2021.068463130195
2985.8845093922655
3074.341754876033
1798.6047051098903
2364.7726348219194
2663.2875292076487
1988.422632888284
3342.1907059239134
2501.865936720869
2280.7654727297304
3256.614306469002
3212.72550956989
3494.896142198391
2668.2957634491963
3096.0358140000008
3113.625025531917
2767.8125671352773
2006.8488931481459
3071.863412902373
3680.698202736843
2485.475957559056
2187.117508691098
2658.5694947519582
2466.826080234375
2765.250784207795
2670.8287280829027
2692.9807058914726
3490.6492651546373
2988.4515887146526
2197.4585101538464
2217.695131176472
2612.668223698979
2173.6137576081405
2671.356139010152
3076.819107518985
2129.6711849242415
2792.756268614609
2583.8313337688437
2624.7104509523797
2459.5872591249995
3412.742280099749
2610.200847338309
3809.4458649875933
3045.9402738861404
3258.14157908642
2438.56996593596
1917.0271592383308
2896.002617990197
3526.651235403421
1759.5672308292683
2338.1575726277365
2577.227076626213
3363.7727769733665
2595.0718115700474
2618.382117542167
2502.043051682691
2924.3511377697855
2408.928105454544
2932.2791318138434
2098.1519402857157
2912.599383895486
3167.1293413744097
2733.2638630732854
2700.624496014152
3813.4622244470606
2603.829903685447
2100.391427142858
2895.0318562149528
3268.72777522145
3285.0340452558135
2612.6365904176328
3158.298713402774
2368.104635265589
2439.6338175115193
3749.1775370344862
2571.0853930963294
2796.9059279862686
3979.5875998173537
2316.2125537813213
3631.2060045227286
2683.2461197732428
2604.817672986425
2501.9980022121895
2979.630827837836
3458.878749011234
3110.203519237669
2830.943235234894
2487.940807165178
2580.8667632294
3186.239134333332
3069.819649933481
3260.9240250884977
3253.834334768214
2661.098080110131
2989.858853340662
1782.0827719078952
3223.225803369803
3744.620792947597
3059.0866386274497
4363.15814678261
2936.6267950542306
2816.5048827272717
4085.4994944060477
3144.967775107761
2906.356193548387
2083.3900136266093
2832.739461734475
4707.230656410255
2984.5638072707884
3451.6045596382983
4205.671234097666
2531.303283559322
3425.1746997674445
3226.5768097046425
3100.559455999997
3503.8509686344546
3051.0711664360556
2523.796600020921
2752.078836993739
2942.648622645831
3787.762347422036
3235.1823587966824
2687.826420993792
2510.2861691528924
3278.113532680413
2679.714326255144
2775.8947705954806
2916.3533501639313
3246.9180230674815
2999.5427601836736
3725.8762884928715
2649.2778114024395
2423.050737870185
2455.7757566599184
2896.612034141415
3645.732565866937
4128.709579939638
3002.288205702807
3176.788588316633
2592.9346566800023
